  2.000000000000000E-003  2.000000000000000E-003  -1.66291718645696     
  2.000000000000000E-003  0.302332916666667       -1.56307180753007     
  2.000000000000000E-003  0.602665833333333       -1.25189369089220     
  2.000000000000000E-003  0.902998750000000      -0.943102098397296     
  2.000000000000000E-003   1.20333166666667      -0.713920415376321     
  2.000000000000000E-003   1.50366458333333      -0.553242451470616     
  2.000000000000000E-003   1.80399750000000      -0.439827877684944     
  2.000000000000000E-003   2.10433041666667      -0.357745489696949     
  2.000000000000000E-003   2.40466333333333      -0.296543592275815     
  2.000000000000000E-003   2.70499625000000      -0.250922066291090     
  2.000000000000000E-003   3.00532916666667      -0.218228285296828     
  2.000000000000000E-003   3.30566208333333      -0.198202636141499     
  2.000000000000000E-003   3.60599500000000      -0.184211939904418     
  2.000000000000000E-003   3.90632791666667      -0.163806213462440     
  2.000000000000000E-003   4.20666083333333      -0.146325627895140     
  2.000000000000000E-003   4.50699375000000      -0.129858692038686     
  2.000000000000000E-003   4.80732666666667      -0.115643798752227     
  2.000000000000000E-003   5.10765958333333      -0.103940762439046     
  2.000000000000000E-003   5.40799250000000      -9.453977848825226E-002
  2.000000000000000E-003   5.70832541666667      -8.708483982171042E-002
  2.000000000000000E-003   6.00865833333333      -8.101083285838569E-002
  2.000000000000000E-003   6.30899125000000      -7.550427918360565E-002
  2.000000000000000E-003   6.60932416666667      -6.961162740843681E-002
  2.000000000000000E-003   6.90965708333333      -6.332212567417406E-002
  2.000000000000000E-003   7.20999000000000      -5.864715230550353E-002
  0.302332916666667       2.000000000000000E-003  -1.56305894016178     
  0.302332916666667       0.302332916666667       -1.46970860467584     
  0.302332916666667       0.602665833333333       -1.18886724489578     
  0.302332916666667       0.902998750000000      -0.906684022335799     
  0.302332916666667        1.20333166666667      -0.692819910165355     
  0.302332916666667        1.50366458333333      -0.540420777120700     
  0.302332916666667        1.80399750000000      -0.431814253679329     
  0.302332916666667        2.10433041666667      -0.352809802451204     
  0.302332916666667        2.40466333333333      -0.294000351074195     
  0.302332916666667        2.70499625000000      -0.250173178322759     
  0.302332916666667        3.00532916666667      -0.218978444957507     
  0.302332916666667        3.30566208333333      -0.199171061062959     
  0.302332916666667        3.60599500000000      -0.184094020940327     
  0.302332916666667        3.90632791666667      -0.164920778122616     
  0.302332916666667        4.20666083333333      -0.146113495024699     
  0.302332916666667        4.50699375000000      -0.129341592047498     
  0.302332916666667        4.80732666666667      -0.115263980043345     
  0.302332916666667        5.10765958333333      -0.103723936063401     
  0.302332916666667        5.40799250000000      -9.440281650651806E-002
  0.302332916666667        5.70832541666667      -8.699966144606121E-002
  0.302332916666667        6.00865833333333      -8.091242701923973E-002
  0.302332916666667        6.30899125000000      -7.532084800217588E-002
  0.302332916666667        6.60932416666667      -6.916493541130253E-002
  0.302332916666667        6.90965708333333      -6.225231195212969E-002
  0.302332916666667        7.20999000000000      -5.750110654015066E-002
  0.602665833333333       2.000000000000000E-003  -1.25187967639992     
  0.602665833333333       0.302332916666667       -1.18885972428845     
  0.602665833333333       0.602665833333333       -1.01122525257506     
  0.602665833333333       0.902998750000000      -0.806514064800850     
  0.602665833333333        1.20333166666667      -0.634754793097284     
  0.602665833333333        1.50366458333333      -0.505067166555318     
  0.602665833333333        1.80399750000000      -0.409561352792272     
  0.602665833333333        2.10433041666667      -0.338922625771417     
  0.602665833333333        2.40466333333333      -0.286177458946682     
  0.602665833333333        2.70499625000000      -0.246661615769714     
  0.602665833333333        3.00532916666667      -0.218175917592454     
  0.602665833333333        3.30566208333333      -0.198142118157156     
  0.602665833333333        3.60599500000000      -0.181291969852764     
  0.602665833333333        3.90632791666667      -0.162761954332650     
  0.602665833333333        4.20666083333333      -0.144042760810736     
  0.602665833333333        4.50699375000000      -0.127604892570912     
  0.602665833333333        4.80732666666667      -0.114118221660903     
  0.602665833333333        5.10765958333333      -0.103046612207368     
  0.602665833333333        5.40799250000000      -9.403493409869999E-002
  0.602665833333333        5.70832541666667      -8.676965737330777E-002
  0.602665833333333        6.00865833333333      -8.068808604281072E-002
  0.602665833333333        6.30899125000000      -7.504015962396657E-002
  0.602665833333333        6.60932416666667      -6.895245939666234E-002
  0.602665833333333        6.90965708333333      -6.232513798260714E-002
  0.602665833333333        7.20999000000000      -5.736411782998302E-002
  0.902998750000000       2.000000000000000E-003 -0.943094719947528     
  0.902998750000000       0.302332916666667      -0.906678959846842     
  0.902998750000000       0.602665833333333      -0.806512566628917     
  0.902998750000000       0.902998750000000      -0.677384749795324     
  0.902998750000000        1.20333166666667      -0.555390485693665     
  0.902998750000000        1.50366458333333      -0.455239229259715     
  0.902998750000000        1.80399750000000      -0.377634850104085     
  0.902998750000000        2.10433041666667      -0.318435929417054     
  0.902998750000000        2.40466333333333      -0.273280165283272     
  0.902998750000000        2.70499625000000      -0.238911494573347     
  0.902998750000000        3.00532916666667      -0.212962014978259     
  0.902998750000000        3.30566208333333      -0.192765646614846     
  0.902998750000000        3.60599500000000      -0.174903304457860     
  0.902998750000000        3.90632791666667      -0.157095415234032     
  0.902998750000000        4.20666083333333      -0.139894527232860     
  0.902998750000000        4.50699375000000      -0.124785048701556     
  0.902998750000000        4.80732666666667      -0.112299189028985     
  0.902998750000000        5.10765958333333      -0.102013998817688     
  0.902998750000000        5.40799250000000      -9.346413193656711E-002
  0.902998750000000        5.70832541666667      -8.643644535406009E-002
  0.902998750000000        6.00865833333333      -8.043049893706464E-002
  0.902998750000000        6.30899125000000      -7.487398307085109E-002
  0.902998750000000        6.60932416666667      -6.925648833694605E-002
  0.902998750000000        6.90965708333333      -6.360168980442055E-002
  0.902998750000000        7.20999000000000      -5.882418056634447E-002
   1.20333166666667       2.000000000000000E-003 -0.713918318624117     
   1.20333166666667       0.302332916666667      -0.692818488151307     
   1.20333166666667       0.602665833333333      -0.634754467859839     
   1.20333166666667       0.902998750000000      -0.555390653882715     
   1.20333166666667        1.20333166666667      -0.473543429342098     
   1.20333166666667        1.50366458333333      -0.401086064536423     
   1.20333166666667        1.80399750000000      -0.341720122086113     
   1.20333166666667        2.10433041666667      -0.294373069592357     
   1.20333166666667        2.40466333333333      -0.256984892015310     
   1.20333166666667        2.70499625000000      -0.227589874056446     
   1.20333166666667        3.00532916666667      -0.204173565160091     
   1.20333166666667        3.30566208333333      -0.184696748659160     
   1.20333166666667        3.60599500000000      -0.167140480809927     
   1.20333166666667        3.90632791666667      -0.150477507768860     
   1.20333166666667        4.20666083333333      -0.135014396489750     
   1.20333166666667        4.50699375000000      -0.121479286178300     
   1.20333166666667        4.80732666666667      -0.110115279447395     
   1.20333166666667        5.10765958333333      -0.100685282006649     
   1.20333166666667        5.40799250000000      -9.274649052200551E-002
   1.20333166666667        5.70832541666667      -8.601190664175781E-002
   1.20333166666667        6.00865833333333      -8.012907011427139E-002
   1.20333166666667        6.30899125000000      -7.470065505811799E-002
   1.20333166666667        6.60932416666667      -6.944495174689200E-002
   1.20333166666667        6.90965708333333      -6.436364617484804E-002
   1.20333166666667        7.20999000000000      -5.977174501453173E-002
   1.50366458333333       2.000000000000000E-003 -0.553243383528156     
   1.50366458333333       0.302332916666667      -0.540421805719346     
   1.50366458333333       0.602665833333333      -0.505068228341781     
   1.50366458333333       0.902998750000000      -0.455240087124618     
   1.50366458333333        1.20333166666667      -0.401086525807904     
   1.50366458333333        1.50366458333333      -0.350353295273465     
   1.50366458333333        1.80399750000000      -0.306354517905789     
   1.50366458333333        2.10433041666667      -0.269491725786034     
   1.50366458333333        2.40466333333333      -0.239285176008697     
   1.50366458333333        2.70499625000000      -0.214580571994957     
   1.50366458333333        3.00532916666667      -0.193918320329684     
   1.50366458333333        3.30566208333333      -0.175892001962010     
   1.50366458333333        3.60599500000000      -0.159457122784099     
   1.50366458333333        3.90632791666667      -0.144201174390994     
   1.50366458333333        4.20666083333333      -0.130311747604329     
   1.50366458333333        4.50699375000000      -0.118150633599508     
   1.50366458333333        4.80732666666667      -0.107850067962204     
   1.50366458333333        5.10765958333333      -9.921785644557105E-002
   1.50366458333333        5.40799250000000      -9.187574972805826E-002
   1.50366458333333        5.70832541666667      -8.546197461542135E-002
   1.50366458333333        6.00865833333333      -7.971240578766237E-002
   1.50366458333333        6.30899125000000      -7.438081083001635E-002
   1.50366458333333        6.60932416666667      -6.931157159589117E-002
   1.50366458333333        6.90965708333333      -6.449540724046245E-002
   1.50366458333333        7.20999000000000      -6.004549410825617E-002
   1.80399750000000       2.000000000000000E-003 -0.439830521739400     
   1.80399750000000       0.302332916666667      -0.431816795975640     
   1.80399750000000       0.602665833333333      -0.409563509453519     
   1.80399750000000       0.902998750000000      -0.377636440803563     
   1.80399750000000        1.20333166666667      -0.341721102222246     
   1.80399750000000        1.50366458333333      -0.306354942323090     
   1.80399750000000        1.80399750000000      -0.273995228025946     
   1.80399750000000        2.10433041666667      -0.245754268347466     
   1.80399750000000        2.40466333333333      -0.221695092455562     
   1.80399750000000        2.70499625000000      -0.201178442877251     
   1.80399750000000        3.00532916666667      -0.183268580398463     
   1.80399750000000        3.30566208333333      -0.167106772219035     
   1.80399750000000        3.60599500000000      -0.152171139447737     
   1.80399750000000        3.90632791666667      -0.138362263925915     
   1.80399750000000        4.20666083333333      -0.125878883035726     
   1.80399750000000        4.50699375000000      -0.114953150690541     
   1.80399750000000        4.80732666666667      -0.105627364677229     
   1.80399750000000        5.10765958333333      -9.770264737891557E-002
   1.80399750000000        5.40799250000000      -9.084168789340398E-002
   1.80399750000000        5.70832541666667      -8.471758050006864E-002
   1.80399750000000        6.00865833333333      -7.910195737233625E-002
   1.80399750000000        6.30899125000000      -7.384534941255780E-002
   1.80399750000000        6.60932416666667      -6.887855415958444E-002
   1.80399750000000        6.90965708333333      -6.420706823698327E-002
   1.80399750000000        7.20999000000000      -5.988084108408992E-002
   2.10433041666667       2.000000000000000E-003 -0.357749334463418     
   2.10433041666667       0.302332916666667      -0.352813440210180     
   2.10433041666667       0.602665833333333      -0.338925640760241     
   2.10433041666667       0.902998750000000      -0.318438102696535     
   2.10433041666667        1.20333166666667      -0.294374456502496     
   2.10433041666667        1.50366458333333      -0.269492514138510     
   2.10433041666667        1.80399750000000      -0.245754626563097     
   2.10433041666667        2.10433041666667      -0.224202068036947     
   2.10433041666667        2.40466333333333      -0.205073333711184     
   2.10433041666667        2.70499625000000      -0.188064527563327     
   2.10433041666667        3.00532916666667      -0.172652617368770     
   2.10433041666667        3.30566208333333      -0.158387253146057     
   2.10433041666667        3.60599500000000      -0.145064960371378     
   2.10433041666667        3.90632791666667      -0.132744211580018     
   2.10433041666667        4.20666083333333      -0.121621957981595     
   2.10433041666667        4.50699375000000      -0.111852504388002     
   2.10433041666667        4.80732666666667      -0.103417538085682     
   2.10433041666667        5.10765958333333      -9.611485582575202E-002
   2.10433041666667        5.40799250000000      -8.964928101082725E-002
   2.10433041666667        5.70832541666667      -8.375102844498480E-002
   2.10433041666667        6.00865833333333      -7.824819180447570E-002
   2.10433041666667        6.30899125000000      -7.306785762375463E-002
   2.10433041666667        6.60932416666667      -6.819738079268396E-002
   2.10433041666667        6.90965708333333      -6.365787898792417E-002
   2.10433041666667        7.20999000000000      -5.947429330456429E-002
   2.40466333333333       2.000000000000000E-003 -0.296548330877956     
   2.40466333333333       0.302332916666667      -0.294004766377237     
   2.40466333333333       0.602665833333333      -0.286181020849077     
   2.40466333333333       0.902998750000000      -0.273282744808217     
   2.40466333333333        1.20333166666667      -0.256986643852969     
   2.40466333333333        1.50366458333333      -0.239286332819511     
   2.40466333333333        1.80399750000000      -0.221695822679928     
   2.40466333333333        2.10433041666667      -0.205073698868754     
   2.40466333333333        2.40466333333333      -0.189709755996949     
   2.40466333333333        2.70499625000000      -0.175520226141433     
   2.40466333333333        3.00532916666667      -0.162278281988141     
   2.40466333333333        3.30566208333333      -0.149809722069074     
   2.40466333333333        3.60599500000000      -0.138092525074138     
   2.40466333333333        3.90632791666667      -0.127244374335447     
   2.40466333333333        4.20666083333333      -0.117427714972255     
   2.40466333333333        4.50699375000000      -0.108732222152222     
   2.40466333333333        4.80732666666667      -0.101102434881894     
   2.40466333333333        5.10765958333333      -9.434865496473978E-002
   2.40466333333333        5.40799250000000      -8.822619958223929E-002
   2.40466333333333        5.70832541666667      -8.252908836110048E-002
   2.40466333333333        6.00865833333333      -7.714582668504170E-002
   2.40466333333333        6.30899125000000      -7.205863745613515E-002
   2.40466333333333        6.60932416666667      -6.730517559349840E-002
   2.40466333333333        6.90965708333333      -6.293583601305441E-002
   2.40466333333333        7.20999000000000      -5.896555926019989E-002
   2.70499625000000       2.000000000000000E-003 -0.250927958992430     
   2.70499625000000       0.302332916666667      -0.250178621694886     
   2.70499625000000       0.602665833333333      -0.246665852250687     
   2.70499625000000       0.902998750000000      -0.238914479609307     
   2.70499625000000        1.20333166666667      -0.227591997204393     
   2.70499625000000        1.50366458333333      -0.214582132589268     
   2.70499625000000        1.80399750000000      -0.201179581466524     
   2.70499625000000        2.10433041666667      -0.188065270827743     
   2.70499625000000        2.40466333333333      -0.175520571501412     
   2.70499625000000        2.70499625000000      -0.163591494204525     
   2.70499625000000        3.00532916666667      -0.152236505882795     
   2.70499625000000        3.30566208333333      -0.141439018970865     
   2.70499625000000        3.60599500000000      -0.131256710110134     
   2.70499625000000        3.90632791666667      -0.121804547511320     
   2.70499625000000        4.20666083333333      -0.113194623284846     
   2.70499625000000        4.50699375000000      -0.105466642976247     
   2.70499625000000        4.80732666666667      -9.855023320046344E-002
   2.70499625000000        5.10765958333333      -9.228349073874380E-002
   2.70499625000000        5.40799250000000      -8.647673262572157E-002
   2.70499625000000        5.70832541666667      -8.098434433015572E-002
   2.70499625000000        6.00865833333333      -7.574635711370041E-002
   2.70499625000000        6.30899125000000      -7.078339243846070E-002
   2.70499625000000        6.60932416666667      -6.616164987582844E-002
   2.70499625000000        6.90965708333333      -6.203499303695359E-002
   2.70499625000000        7.20999000000000      -5.841475728157053E-002
   3.00532916666667       2.000000000000000E-003 -0.218235528611596     
   3.00532916666667       0.302332916666667      -0.218984844029363     
   3.00532916666667       0.602665833333333      -0.218180627932753     
   3.00532916666667       0.902998750000000      -0.212965317310337     
   3.00532916666667        1.20333166666667      -0.204176025402633     
   3.00532916666667        1.50366458333333      -0.193920290917007     
   3.00532916666667        1.80399750000000      -0.183270122613101     
   3.00532916666667        2.10433041666667      -0.172653694911786     
   3.00532916666667        2.40466333333333      -0.162278881080748     
   3.00532916666667        2.70499625000000      -0.152236711146192     
   3.00532916666667        3.00532916666667      -0.142570859034095     
   3.00532916666667        3.30566208333333      -0.133327242948255     
   3.00532916666667        3.60599500000000      -0.124574171138509     
   3.00532916666667        3.90632791666667      -0.116394093857937     
   3.00532916666667        4.20666083333333      -0.108854799832832     
   3.00532916666667        4.50699375000000      -0.101968918173063     
   3.00532916666667        4.80732666666667      -9.567219757966400E-002
   3.00532916666667        5.10765958333333      -8.984034102461808E-002
   3.00532916666667        5.40799250000000      -8.433676751906670E-002
   3.00532916666667        5.70832541666667      -7.906627096473749E-002
   3.00532916666667        6.00865833333333      -7.400545112779117E-002
   3.00532916666667        6.30899125000000      -6.917374930892667E-002
   3.00532916666667        6.60932416666667      -6.470083801215809E-002
   3.00532916666667        6.90965708333333      -6.093101301683872E-002
   3.00532916666667        7.20999000000000      -5.783957264876347E-002
   3.30566208333333       2.000000000000000E-003 -0.198209904229431     
   3.30566208333333       0.302332916666667      -0.199177179372973     
   3.30566208333333       0.602665833333333      -0.198146388443166     
   3.30566208333333       0.902998750000000      -0.192768782260720     
   3.30566208333333        1.20333166666667      -0.184699399928947     
   3.30566208333333        1.50366458333333      -0.175894328495446     
   3.30566208333333        1.80399750000000      -0.167108647851997     
   3.30566208333333        2.10433041666667      -0.158388554587467     
   3.30566208333333        2.40466333333333      -0.149810423855131     
   3.30566208333333        2.70499625000000      -0.141439240261839     
   3.30566208333333        3.00532916666667      -0.133327220740612     
   3.30566208333333        3.30566208333333      -0.125520888625351     
   3.30566208333333        3.60599500000000      -0.118064534776754     
   3.30566208333333        3.90632791666667      -0.111003811715012     
   3.30566208333333        4.20666083333333      -0.104382568023050     
   3.30566208333333        4.50699375000000      -9.821151924266927E-002
   3.30566208333333        4.80732666666667      -9.244786401299381E-002
   3.30566208333333        5.10765958333333      -8.700773795840371E-002
   3.30566208333333        5.40799250000000      -8.180068327359837E-002
   3.30566208333333        5.70832541666667      -7.676965280450282E-002
   3.30566208333333        6.00865833333333      -7.191141209661073E-002
   3.30566208333333        6.30899125000000      -6.721872348463367E-002
   3.30566208333333        6.60932416666667      -6.293287566023663E-002
   3.30566208333333        6.90965708333333      -5.963190050701813E-002
   3.30566208333333        7.20999000000000      -5.711139676882429E-002
   3.60599500000000       2.000000000000000E-003 -0.184217607858229     
   3.60599500000000       0.302332916666667      -0.184098939208516     
   3.60599500000000       0.602665833333333      -0.181295262604940     
   3.60599500000000       0.902998750000000      -0.174906000225191     
   3.60599500000000        1.20333166666667      -0.167143209141602     
   3.60599500000000        1.50366458333333      -0.159459722558090     
   3.60599500000000        1.80399750000000      -0.152173235196136     
   3.60599500000000        2.10433041666667      -0.145066348099458     
   3.60599500000000        2.40466333333333      -0.138093179043065     
   3.60599500000000        2.70499625000000      -0.131256787015184     
   3.60599500000000        3.00532916666667      -0.124573952004802     
   3.60599500000000        3.30566208333333      -0.118064318289958     
   3.60599500000000        3.60599500000000      -0.111744940237201     
   3.60599500000000        3.90632791666667      -0.105640093071008     
   3.60599500000000        4.20666083333333      -9.979081626126821E-002
   3.60599500000000        4.50699375000000      -9.422243332043544E-002
   3.60599500000000        4.80732666666667      -8.892023779209127E-002
   3.60599500000000        5.10765958333333      -8.383735861531016E-002
   3.60599500000000        5.40799250000000      -7.892031369869042E-002
   3.60599500000000        5.70832541666667      -7.414013356645774E-002
   3.60599500000000        6.00865833333333      -6.950395837723582E-002
   3.60599500000000        6.30899125000000      -6.502851559036335E-002
   3.60599500000000        6.60932416666667      -6.102826224911287E-002
   3.60599500000000        6.90965708333333      -5.820440198076484E-002
   3.60599500000000        7.20999000000000      -5.605137133574079E-002
   3.90632791666667       2.000000000000000E-003 -0.163812067080330     
   3.90632791666667       0.302332916666667      -0.164925156256082     
   3.90632791666667       0.602665833333333      -0.162764820835075     
   3.90632791666667       0.902998750000000      -0.157098027188840     
   3.90632791666667        1.20333166666667      -0.150480423053551     
   3.90632791666667        1.50366458333333      -0.144203975660872     
   3.90632791666667        1.80399750000000      -0.138364460180123     
   3.90632791666667        2.10433041666667      -0.132745571032667     
   3.90632791666667        2.40466333333333      -0.127244889293262     
   3.90632791666667        2.70499625000000      -0.121804409663793     
   3.90632791666667        3.00532916666667      -0.116393615273147     
   3.90632791666667        3.30566208333333      -0.111003310673105     
   3.90632791666667        3.60599500000000      -0.105639795659312     
   3.90632791666667        3.90632791666667      -0.100330271450109     
   3.90632791666667        4.20666083333333      -9.512520933045923E-002
   3.90632791666667        4.50699375000000      -9.006867114374927E-002
   3.90632791666667        4.80732666666667      -8.517272437075417E-002
   3.90632791666667        5.10765958333333      -8.042007523306668E-002
   3.90632791666667        5.40799250000000      -7.578489410191577E-002
   3.90632791666667        5.70832541666667      -7.126048085207026E-002
   3.90632791666667        6.00865833333333      -6.687172194469898E-002
   3.90632791666667        6.30899125000000      -6.269335738520171E-002
   3.90632791666667        6.60932416666667      -5.905394740853723E-002
   3.90632791666667        6.90965708333333      -5.639756819560237E-002
   3.90632791666667        7.20999000000000      -5.420366105038670E-002
   4.20666083333333       2.000000000000000E-003 -0.146329997990861     
   4.20666083333333       0.302332916666667      -0.146117315949960     
   4.20666083333333       0.602665833333333      -0.144045847912827     
   4.20666083333333       0.902998750000000      -0.139897545172575     
   4.20666083333333        1.20333166666667      -0.135017612356346     
   4.20666083333333        1.50366458333333      -0.130314657865912     
   4.20666083333333        1.80399750000000      -0.125881071948632     
   4.20666083333333        2.10433041666667      -0.121623223903469     
   4.20666083333333        2.40466333333333      -0.117428078629971     
   4.20666083333333        2.70499625000000      -0.113194298584009     
   4.20666083333333        3.00532916666667      -0.108854108616707     
   4.20666083333333        3.30566208333333      -0.104381828879714     
   4.20666083333333        3.60599500000000      -9.979025564948080E-002
   4.20666083333333        3.90632791666667      -9.512492940969530E-002
   4.20666083333333        4.20666083333333      -9.045234248041911E-002
   4.20666083333333        4.50699375000000      -8.583347507370172E-002
   4.20666083333333        4.80732666666667      -8.130058712091132E-002
   4.20666083333333        5.10765958333333      -7.685635800392292E-002
   4.20666083333333        5.40799250000000      -7.249366651435446E-002
   4.20666083333333        5.70832541666667      -6.822371403245729E-002
   4.20666083333333        6.00865833333333      -6.409383515880003E-002
   4.20666083333333        6.30899125000000      -6.020279980983483E-002
   4.20666083333333        6.60932416666667      -5.683239830663126E-002
   4.20666083333333        6.90965708333333      -5.421013973580630E-002
   4.20666083333333        7.20999000000000      -5.198524002880289E-002
   4.50699375000000       2.000000000000000E-003 -0.129862595014738     
   4.50699375000000       0.302332916666667      -0.129345336074279     
   4.50699375000000       0.602665833333333      -0.127608379188216     
   4.50699375000000       0.902998750000000      -0.124788520071608     
   4.50699375000000        1.20333166666667      -0.121482638558164     
   4.50699375000000        1.50366458333333      -0.118153507309202     
   4.50699375000000        1.80399750000000      -0.114955241190737     
   4.50699375000000        2.10433041666667      -0.111853658192519     
   4.50699375000000        2.40466333333333      -0.108732480752750     
   4.50699375000000        2.70499625000000      -0.105466220633438     
   4.50699375000000        3.00532916666667      -0.101968122160235     
   4.50699375000000        3.30566208333333      -9.821064943165266E-002
   4.50699375000000        3.60599500000000      -9.422170543171865E-002
   4.50699375000000        3.90632791666667      -9.006819086001495E-002
   4.50699375000000        4.20666083333333      -8.583325672142782E-002
   4.50699375000000        4.50699375000000      -8.159079571829905E-002
   4.50699375000000        4.80732666666667      -7.738535454715818E-002
   4.50699375000000        5.10765958333333      -7.323114452563687E-002
   4.50699375000000        5.40799250000000      -6.913223214117083E-002
   4.50699375000000        5.70832541666667      -6.511127726688752E-002
   4.50699375000000        6.00865833333333      -6.122822507606561E-002
   4.50699375000000        6.30899125000000      -5.757817441494546E-002
   4.50699375000000        6.60932416666667      -5.432165047932767E-002
   4.50699375000000        6.90965708333333      -5.158960874768430E-002
   4.50699375000000        7.20999000000000      -4.916098253968913E-002
   4.80732666666667       2.000000000000000E-003 -0.115647643995637     
   4.80732666666667       0.302332916666667      -0.115267742407778     
   4.80732666666667       0.602665833333333      -0.114121868177055     
   4.80732666666667       0.902998750000000      -0.112302690143588     
   4.80732666666667        1.20333166666667      -0.110118490175460     
   4.80732666666667        1.50366458333333      -0.107852751971548     
   4.80732666666667        1.80399750000000      -0.105629294263804     
   4.80732666666667        2.10433041666667      -0.103418593814734     
   4.80732666666667        2.40466333333333      -0.101102659111657     
   4.80732666666667        2.70499625000000      -9.854981719458210E-002
   4.80732666666667        3.00532916666667      -9.567141404392948E-002
   4.80732666666667        3.30566208333333      -9.244698106818530E-002
   4.80732666666667        3.60599500000000      -8.891945379418925E-002
   4.80732666666667        3.90632791666667      -8.517214532039045E-002
   4.80732666666667        4.20666083333333      -8.130024001994035E-002
   4.80732666666667        4.50699375000000      -7.738521210330049E-002
   4.80732666666667        4.80732666666667      -7.347796538716175E-002
   4.80732666666667        5.10765958333333      -6.959921385838624E-002
   4.80732666666667        5.40799250000000      -6.575921206107585E-002
   4.80732666666667        5.70832541666667      -6.198393625009741E-002
   4.80732666666667        6.00865833333333      -5.833044680554197E-002
   4.80732666666667        6.30899125000000      -5.488182720762052E-002
   4.80732666666667        6.60932416666667      -5.172410335782577E-002
   4.80732666666667        6.90965708333333      -4.890462326767762E-002
   4.80732666666667        7.20999000000000      -4.636282629750619E-002
   5.10765958333333       2.000000000000000E-003 -0.103944431708560     
   5.10765958333333       0.302332916666667      -0.103727528134704     
   5.10765958333333       0.602665833333333      -0.103050044172415     
   5.10765958333333       0.902998750000000      -0.102017191702930     
   5.10765958333333        1.20333166666667      -0.100688155371096     
   5.10765958333333        1.50366458333333      -9.922025665989004E-002
   5.10765958333333        1.80399750000000      -9.770439863671980E-002
   5.10765958333333        2.10433041666667      -9.611585222347722E-002
   5.10765958333333        2.40466333333333      -9.434892035007646E-002
   5.10765958333333        2.70499625000000      -9.228317726968292E-002
   5.10765958333333        3.00532916666667      -8.983967610574972E-002
   5.10765958333333        3.30566208333333      -8.700695223703692E-002
   5.10765958333333        3.60599500000000      -8.383662989051352E-002
   5.10765958333333        3.90632791666667      -8.041950671002343E-002
   5.10765958333333        4.20666083333333      -7.685598554751566E-002
   5.10765958333333        4.50699375000000      -7.323095395150238E-002
   5.10765958333333        4.80732666666667      -6.959915543935283E-002
   5.10765958333333        5.10765958333333      -6.598630234648054E-002
   5.10765958333333        5.40799250000000      -6.240543741028871E-002
   5.10765958333333        5.70832541666667      -5.887771994009113E-002
   5.10765958333333        6.00865833333333      -5.544346310106170E-002
   5.10765958333333        6.30899125000000      -5.215814897395146E-002
   5.10765958333333        6.60932416666667      -4.908281224093444E-002
   5.10765958333333        6.90965708333333      -4.628658504509071E-002
   5.10765958333333        7.20999000000000      -4.376090406530585E-002
   5.40799250000000       2.000000000000000E-003 -9.454304958039737E-002
   5.40799250000000       0.302332916666667      -9.440601543258996E-002
   5.40799250000000       0.602665833333333      -9.403796469331692E-002
   5.40799250000000       0.902998750000000      -9.346691439414971E-002
   5.40799250000000        1.20333166666667      -9.274896205837592E-002
   5.40799250000000        1.50366458333333      -9.187785523766717E-002
   5.40799250000000        1.80399750000000      -9.084329702284395E-002
   5.40799250000000        2.10433041666667      -8.965028381080009E-002
   5.40799250000000        2.40466333333333      -8.822659014324856E-002
   5.40799250000000        2.70499625000000      -8.647661925178173E-002
   5.40799250000000        3.00532916666667      -8.433633091704409E-002
   5.40799250000000        3.30566208333333      -8.180011463515194E-002
   5.40799250000000        3.60599500000000      -7.891976522553773E-002
   5.40799250000000        3.90632791666667      -7.578445892325349E-002
   5.40799250000000        4.20666083333333      -7.249338305079307E-002
   5.40799250000000        4.50699375000000      -6.913209642606089E-002
   5.40799250000000        4.80732666666667      -6.575918738907788E-002
   5.40799250000000        5.10765958333333      -6.240546240081701E-002
   5.40799250000000        5.40799250000000      -5.908450829048460E-002
   5.40799250000000        5.70832541666667      -5.580656510086641E-002
   5.40799250000000        6.00865833333333      -5.258398343981234E-002
   5.40799250000000        6.30899125000000      -4.944849902812316E-002
   5.40799250000000        6.60932416666667      -4.647970786988843E-002
   5.40799250000000        6.90965708333333      -4.375599590185848E-002
   5.40799250000000        7.20999000000000      -4.132475633165603E-002
   5.70832541666667       2.000000000000000E-003 -8.708794130813687E-002
   5.70832541666667       0.302332916666667      -8.700266837349194E-002
   5.70832541666667       0.602665833333333      -8.677244797807089E-002
   5.70832541666667       0.902998750000000      -8.643896032845623E-002
   5.70832541666667        1.20333166666667      -8.601411672320641E-002
   5.70832541666667        1.50366458333333      -8.546386636413439E-002
   5.70832541666667        1.80399750000000      -8.471913521803458E-002
   5.70832541666667        2.10433041666667      -8.375213391424458E-002
   5.70832541666667        2.40466333333333      -8.252970756355374E-002
   5.70832541666667        2.70499625000000      -8.098454953945525E-002
   5.70832541666667        3.00532916666667      -7.906620285538588E-002
   5.70832541666667        3.30566208333333      -7.676946000969515E-002
   5.70832541666667        3.60599500000000      -7.413992780156088E-002
   5.70832541666667        3.90632791666667      -7.126032655299853E-002
   5.70832541666667        4.20666083333333      -6.822364134369596E-002
   5.70832541666667        4.50699375000000      -6.511129356266658E-002
   5.70832541666667        4.80732666666667      -6.198402591730226E-002
   5.70832541666667        5.10765958333333      -5.887784316423900E-002
   5.70832541666667        5.40799250000000      -5.580666317868705E-002
   5.70832541666667        5.70832541666667      -5.276796633726463E-002
   5.70832541666667        6.00865833333333      -4.973798158601250E-002
   5.70832541666667        6.30899125000000      -4.674036123527758E-002
   5.70832541666667        6.60932416666667      -4.386266758973784E-002
   5.70832541666667        6.90965708333333      -4.121946995763673E-002
   5.70832541666667        7.20999000000000      -3.889206146725672E-002
   6.00865833333333       2.000000000000000E-003 -8.101434662306983E-002
   6.00865833333333       0.302332916666667      -8.091575462348720E-002
   6.00865833333333       0.602665833333333      -8.069101976207028E-002
   6.00865833333333       0.902998750000000      -8.043305437511748E-002
   6.00865833333333        1.20333166666667      -8.013129987080615E-002
   6.00865833333333        1.50366458333333      -7.971433105066064E-002
   6.00865833333333        1.80399750000000      -7.910359967742088E-002
   6.00865833333333        2.10433041666667      -7.824951890869074E-002
   6.00865833333333        2.40466333333333      -7.714679171401377E-002
   6.00865833333333        2.70499625000000      -7.574702334892090E-002
   6.00865833333333        3.00532916666667      -7.400594249076622E-002
   6.00865833333333        3.30566208333333      -7.191183252681578E-002
   6.00865833333333        3.60599500000000      -6.950434108493310E-002
   6.00865833333333        3.90632791666667      -6.687204614298081E-002
   6.00865833333333        4.20666083333333      -6.409410072026203E-002
   6.00865833333333        4.50699375000000      -6.122846748542236E-002
   6.00865833333333        4.80732666666667      -5.833069880314516E-002
   6.00865833333333        5.10765958333333      -5.544372750952468E-002
   6.00865833333333        5.40799250000000      -5.258423391685985E-002
   6.00865833333333        5.70832541666667      -4.973813975805010E-002
   6.00865833333333        6.00865833333333      -4.685243967297793E-002
   6.00865833333333        6.30899125000000      -4.392309078087651E-002
   6.00865833333333        6.60932416666667      -4.105178800478764E-002
   6.00865833333333        6.90965708333333      -3.843031323739751E-002
   6.00865833333333        7.20999000000000      -3.620166511567942E-002
   6.30899125000000       2.000000000000000E-003 -7.550907983590727E-002
   6.30899125000000       0.302332916666667      -7.532517618519256E-002
   6.30899125000000       0.602665833333333      -7.504363375580700E-002
   6.30899125000000       0.902998750000000      -7.487686226920086E-002
   6.30899125000000        1.20333166666667      -7.470314975804121E-002
   6.30899125000000        1.50366458333333      -7.438298974555993E-002
   6.30899125000000        1.80399750000000      -7.384725955544159E-002
   6.30899125000000        2.10433041666667      -7.306951783934942E-002
   6.30899125000000        2.40466333333333      -7.206004296072002E-002
   6.30899125000000        2.70499625000000      -7.078466188749044E-002
   6.30899125000000        3.00532916666667      -6.917502846902018E-002
   6.30899125000000        3.30566208333333      -6.722003806077562E-002
   6.30899125000000        3.60599500000000      -6.502970757970271E-002
   6.30899125000000        3.90632791666667      -6.269430569155142E-002
   6.30899125000000        4.20666083333333      -6.020350166879040E-002
   6.30899125000000        4.50699375000000      -5.757868693695174E-002
   6.30899125000000        4.80732666666667      -5.488224760855406E-002
   6.30899125000000        5.10765958333333      -5.215855651601001E-002
   6.30899125000000        5.40799250000000      -4.944889659696758E-002
   6.30899125000000        5.70832541666667      -4.674066868742113E-002
   6.30899125000000        6.00865833333333      -4.392324245730796E-002
   6.30899125000000        6.30899125000000      -4.092133999430905E-002
   6.30899125000000        6.60932416666667      -3.783096340382405E-002
   6.30899125000000        6.90965708333333      -3.504344859771073E-002
   6.30899125000000        7.20999000000000      -3.289505403340718E-002
   6.60932416666667       2.000000000000000E-003 -6.961858484227310E-002
   6.60932416666667       0.302332916666667      -6.917071369953393E-002
   6.60932416666667       0.602665833333333      -6.895660224219646E-002
   6.60932416666667       0.902998750000000      -6.925980499929039E-002
   6.60932416666667        1.20333166666667      -6.944782302113484E-002
   6.60932416666667        1.50366458333333      -6.931409287470083E-002
   6.60932416666667        1.80399750000000      -6.888079760045930E-002
   6.60932416666667        2.10433041666667      -6.819941609201735E-002
   6.60932416666667        2.40466333333333      -6.730702767086642E-002
   6.60932416666667        2.70499625000000      -6.616350786666957E-002
   6.60932416666667        3.00532916666667      -6.470281551612683E-002
   6.60932416666667        3.30566208333333      -6.293481697013513E-002
   6.60932416666667        3.60599500000000      -6.102973611393813E-002
   6.60932416666667        3.90632791666667      -5.905500793019583E-002
   6.60932416666667        4.20666083333333      -5.683325114993945E-002
   6.60932416666667        4.50699375000000      -5.432235301663224E-002
   6.60932416666667        4.80732666666667      -5.172466848655840E-002
   6.60932416666667        5.10765958333333      -4.908333199324336E-002
   6.60932416666667        5.40799250000000      -4.648019702557540E-002
   6.60932416666667        5.70832541666667      -4.386305689770644E-002
   6.60932416666667        6.00865833333333      -4.105201449379937E-002
   6.60932416666667        6.30899125000000      -3.783102985016618E-002
   6.60932416666667        6.60932416666667      -3.416356470912940E-002
   6.60932416666667        6.90965708333333      -3.078619350452279E-002
   6.60932416666667        7.20999000000000      -2.872601560231397E-002
   6.90965708333333       2.000000000000000E-003 -6.333008017316975E-002
   6.90965708333333       0.302332916666667      -6.225838723862165E-002
   6.90965708333333       0.602665833333333      -6.232946204584285E-002
   6.90965708333333       0.902998750000000      -6.360530160825383E-002
   6.90965708333333        1.20333166666667      -6.436682901042580E-002
   6.90965708333333        1.50366458333333      -6.449821414730843E-002
   6.90965708333333        1.80399750000000      -6.420957865000339E-002
   6.90965708333333        2.10433041666667      -6.366019153435927E-002
   6.90965708333333        2.40466333333333      -6.293798591834132E-002
   6.90965708333333        2.70499625000000      -6.203710696076147E-002
   6.90965708333333        3.00532916666667      -6.093312077709499E-002
   6.90965708333333        3.30566208333333      -5.963367856017593E-002
   6.90965708333333        3.60599500000000      -5.820524517648032E-002
   6.90965708333333        3.90632791666667      -5.639815993164519E-002
   6.90965708333333        4.20666083333333      -5.421088272256481E-002
   6.90965708333333        4.50699375000000      -5.159037392988298E-002
   6.90965708333333        4.80732666666667      -4.890531726245529E-002
   6.90965708333333        5.10765958333333      -4.628719290011279E-002
   6.90965708333333        5.40799250000000      -4.375653640677726E-002
   6.90965708333333        5.70832541666667      -4.121988009663531E-002
   6.90965708333333        6.00865833333333      -3.843053446078145E-002
   6.90965708333333        6.30899125000000      -3.504348491784300E-002
   6.90965708333333        6.60932416666667      -3.078612703377254E-002
   6.90965708333333        6.90965708333333      -2.654599994451847E-002
   6.90965708333333        7.20999000000000      -2.460207039712945E-002
   7.20999000000000       2.000000000000000E-003 -5.865187842143108E-002
   7.20999000000000       0.302332916666667      -5.750513432259293E-002
   7.20999000000000       0.602665833333333      -5.736793895420410E-002
   7.20999000000000       0.902998750000000      -5.882781560760689E-002
   7.20999000000000        1.20333166666667      -5.977507439119752E-002
   7.20999000000000        1.50366458333333      -6.004846190318019E-002
   7.20999000000000        1.80399750000000      -5.988349808238559E-002
   7.20999000000000        2.10433041666667      -5.947673014031044E-002
   7.20999000000000        2.40466333333333      -5.896776153705590E-002
   7.20999000000000        2.70499625000000      -5.841671845470085E-002
   7.20999000000000        3.00532916666667      -5.784109190612622E-002
   7.20999000000000        3.30566208333333      -5.711224565474315E-002
   7.20999000000000        3.60599500000000      -5.605169745896827E-002
   7.20999000000000        3.90632791666667      -5.420421043820861E-002
   7.20999000000000        4.20666083333333      -5.198612926392423E-002
   7.20999000000000        4.50699375000000      -4.916196123895709E-002
   7.20999000000000        4.80732666666667      -4.636370170415345E-002
   7.20999000000000        5.10765958333333      -4.376164522461896E-002
   7.20999000000000        5.40799250000000      -4.132537808511765E-002
   7.20999000000000        5.70832541666667      -3.889251067034891E-002
   7.20999000000000        6.00865833333333      -3.620189598236923E-002
   7.20999000000000        6.30899125000000      -3.289508707505562E-002
   7.20999000000000        6.60932416666667      -2.872592420863234E-002
   7.20999000000000        6.90965708333333      -2.460181682787384E-002
   7.20999000000000        7.20999000000000      -2.244184964791507E-002
