  2.000000000000000E-003  2.000000000000000E-003 -0.184217607858226     
  2.000000000000000E-003  0.302332916666667      -0.176363658838021     
  2.000000000000000E-003  0.602665833333333      -0.165240135738395     
  2.000000000000000E-003  0.902998750000000      -0.159203268891587     
  2.000000000000000E-003   1.20333166666667      -0.154054315668595     
  2.000000000000000E-003   1.50366458333333      -0.148668874678532     
  2.000000000000000E-003   1.80399750000000      -0.142745013139630     
  2.000000000000000E-003   2.10433041666667      -0.136162664207491     
  2.000000000000000E-003   2.40466333333333      -0.129042572878548     
  2.000000000000000E-003   2.70499625000000      -0.121746524224244     
  2.000000000000000E-003   3.00532916666667      -0.115431839815993     
  2.000000000000000E-003   3.30566208333333      -0.111955200903225     
  2.000000000000000E-003   3.60599500000000      -0.109051603181749     
  2.000000000000000E-003   3.90632791666667      -0.102834651001560     
  2.000000000000000E-003   4.20666083333333      -9.623474821559938E-002
  2.000000000000000E-003   4.50699375000000      -8.844869292945318E-002
  2.000000000000000E-003   4.80732666666667      -8.132202468065641E-002
  2.000000000000000E-003   5.10765958333333      -7.547414407905706E-002
  2.000000000000000E-003   5.40799250000000      -7.097163631256874E-002
  2.000000000000000E-003   5.70832541666667      -6.764654511833504E-002
  2.000000000000000E-003   6.00865833333333      -6.517340976577425E-002
  2.000000000000000E-003   6.30899125000000      -6.308324187344756E-002
  2.000000000000000E-003   6.60932416666667      -6.087228090448892E-002
  2.000000000000000E-003   6.90965708333333      -5.857652504889467E-002
  2.000000000000000E-003   7.20999000000000      -5.598408778719152E-002
  0.302332916666667       2.000000000000000E-003 -0.201496301500692     
  0.302332916666667       0.302332916666667      -0.192239414331731     
  0.302332916666667       0.602665833333333      -0.182577238724493     
  0.302332916666667       0.902998750000000      -0.176637917148045     
  0.302332916666667        1.20333166666667      -0.170521318961819     
  0.302332916666667        1.50366458333333      -0.163954414637186     
  0.302332916666667        1.80399750000000      -0.156838390882586     
  0.302332916666667        2.10433041666667      -0.148954032468620     
  0.302332916666667        2.40466333333333      -0.140395385956619     
  0.302332916666667        2.70499625000000      -0.131519405777078     
  0.302332916666667        3.00532916666667      -0.123200453054028     
  0.302332916666667        3.30566208333333      -0.117296500802064     
  0.302332916666667        3.60599500000000      -0.113478322524971     
  0.302332916666667        3.90632791666667      -0.107584716197623     
  0.302332916666667        4.20666083333333      -0.100352645795257     
  0.302332916666667        4.50699375000000      -9.256823324134342E-002
  0.302332916666667        4.80732666666667      -8.543741304064185E-002
  0.302332916666667        5.10765958333333      -7.938765921045092E-002
  0.302332916666667        5.40799250000000      -7.449942287642419E-002
  0.302332916666667        5.70832541666667      -7.071144483222033E-002
  0.302332916666667        6.00865833333333      -6.768894575367318E-002
  0.302332916666667        6.30899125000000      -6.493442234794562E-002
  0.302332916666667        6.60932416666667      -6.188731142858866E-002
  0.302332916666667        6.90965708333333      -5.889243344682712E-002
  0.302332916666667        7.20999000000000      -5.642104498167234E-002
  0.602665833333333       2.000000000000000E-003 -0.220529862850221     
  0.602665833333333       0.302332916666667      -0.215692685644806     
  0.602665833333333       0.602665833333333      -0.206733167474513     
  0.602665833333333       0.902998750000000      -0.197771591346082     
  0.602665833333333        1.20333166666667      -0.189110510044910     
  0.602665833333333        1.50366458333333      -0.180663941457008     
  0.602665833333333        1.80399750000000      -0.172026844467139     
  0.602665833333333        2.10433041666667      -0.162769403287657     
  0.602665833333333        2.40466333333333      -0.153008187225158     
  0.602665833333333        2.70499625000000      -0.143115842575404     
  0.602665833333333        3.00532916666667      -0.133542666678098     
  0.602665833333333        3.30566208333333      -0.125323967793998     
  0.602665833333333        3.60599500000000      -0.118636979041403     
  0.602665833333333        3.90632791666667      -0.111867558265803     
  0.602665833333333        4.20666083333333      -0.104308242398095     
  0.602665833333333        4.50699375000000      -9.658855192273218E-002
  0.602665833333333        4.80732666666667      -8.955168686363373E-002
  0.602665833333333        5.10765958333333      -8.329950255429987E-002
  0.602665833333333        5.40799250000000      -7.803731602842957E-002
  0.602665833333333        5.70832541666667      -7.371331079765986E-002
  0.602665833333333        6.00865833333333      -7.005773937868011E-002
  0.602665833333333        6.30899125000000      -6.668546607737105E-002
  0.602665833333333        6.60932416666667      -6.324572745450839E-002
  0.602665833333333        6.90965708333333      -5.982541333989361E-002
  0.602665833333333        7.20999000000000      -5.643887191026584E-002
  0.902998750000000       2.000000000000000E-003 -0.244693576408228     
  0.902998750000000       0.302332916666667      -0.240828477003002     
  0.902998750000000       0.602665833333333      -0.231491086969817     
  0.902998750000000       0.902998750000000      -0.220253085760212     
  0.902998750000000        1.20333166666667      -0.209042887697815     
  0.902998750000000        1.50366458333333      -0.198305734906807     
  0.902998750000000        1.80399750000000      -0.187743207766499     
  0.902998750000000        2.10433041666667      -0.176915540925164     
  0.902998750000000        2.40466333333333      -0.166068313531734     
  0.902998750000000        2.70499625000000      -0.155318468516985     
  0.902998750000000        3.00532916666667      -0.144782738194315     
  0.902998750000000        3.30566208333333      -0.134901188492304     
  0.902998750000000        3.60599500000000      -0.125852794760988     
  0.902998750000000        3.90632791666667      -0.117257751872379     
  0.902998750000000        4.20666083333333      -0.108858838288785     
  0.902998750000000        4.50699375000000      -0.100923573979754     
  0.902998750000000        4.80732666666667      -9.369878501852008E-002
  0.902998750000000        5.10765958333333      -8.719007666702221E-002
  0.902998750000000        5.40799250000000      -8.150590338040008E-002
  0.902998750000000        5.70832541666667      -7.661688399971887E-002
  0.902998750000000        6.00865833333333      -7.232039505419183E-002
  0.902998750000000        6.30899125000000      -6.837690831100937E-002
  0.902998750000000        6.60932416666667      -6.457076096842775E-002
  0.902998750000000        6.90965708333333      -6.078042283119887E-002
  0.902998750000000        7.20999000000000      -5.696426552262195E-002
   1.20333166666667       2.000000000000000E-003 -0.274280814942007     
   1.20333166666667       0.302332916666667      -0.270384117244204     
   1.20333166666667       0.602665833333333      -0.260157210019206     
   1.20333166666667       0.902998750000000      -0.246548766024839     
   1.20333166666667        1.20333166666667      -0.232001926287722     
   1.20333166666667        1.50366458333333      -0.217781081758877     
   1.20333166666667        1.80399750000000      -0.204207061560642     
   1.20333166666667        2.10433041666667      -0.191184193579766     
   1.20333166666667        2.40466333333333      -0.178855058418437     
   1.20333166666667        2.70499625000000      -0.167000715422314     
   1.20333166666667        3.00532916666667      -0.155402119119310     
   1.20333166666667        3.30566208333333      -0.144128324423464     
   1.20333166666667        3.60599500000000      -0.133346783297970     
   1.20333166666667        3.90632791666667      -0.123191306621348     
   1.20333166666667        4.20666083333333      -0.113833949240930     
   1.20333166666667        4.50699375000000      -0.105404820829071     
   1.20333166666667        4.80732666666667      -9.782062821091633E-002
   1.20333166666667        5.10765958333333      -9.096513340383844E-002
   1.20333166666667        5.40799250000000      -8.482213928211844E-002
   1.20333166666667        5.70832541666667      -7.934634664497463E-002
   1.20333166666667        6.00865833333333      -7.440507427963326E-002
   1.20333166666667        6.30899125000000      -6.987001507442743E-002
   1.20333166666667        6.60932416666667      -6.560108095976953E-002
   1.20333166666667        6.90965708333333      -6.147244777104901E-002
   1.20333166666667        7.20999000000000      -5.745115737698092E-002
   1.50366458333333       2.000000000000000E-003 -0.320128372287136     
   1.50366458333333       0.302332916666667      -0.315193932296249     
   1.50366458333333       0.602665833333333      -0.301782977663369     
   1.50366458333333       0.902998750000000      -0.282993314775933     
   1.50366458333333        1.20333166666667      -0.262143794599784     
   1.50366458333333        1.50366458333333      -0.241675800408247     
   1.50366458333333        1.80399750000000      -0.222750336871430     
   1.50366458333333        2.10433041666667      -0.205819427861315     
   1.50366458333333        2.40466333333333      -0.191021425776201     
   1.50366458333333        2.70499625000000      -0.177648955183888     
   1.50366458333333        3.00532916666667      -0.164904606315335     
   1.50366458333333        3.30566208333333      -0.152424142423058     
   1.50366458333333        3.60599500000000      -0.140333515884319     
   1.50366458333333        3.90632791666667      -0.129014577937692     
   1.50366458333333        4.20666083333333      -0.118812211572634     
   1.50366458333333        4.50699375000000      -0.109810668812137     
   1.50366458333333        4.80732666666667      -0.101820142535772     
   1.50366458333333        5.10765958333333      -9.456997730965991E-002
   1.50366458333333        5.40799250000000      -8.790958128374811E-002
   1.50366458333333        5.70832541666667      -8.183038652462324E-002
   1.50366458333333        6.00865833333333      -7.625719323653582E-002
   1.50366458333333        6.30899125000000      -7.114312550778135E-002
   1.50366458333333        6.60932416666667      -6.641905862711985E-002
   1.50366458333333        6.90965708333333      -6.198950911429481E-002
   1.50366458333333        7.20999000000000      -5.780893314707320E-002
   1.80399750000000       2.000000000000000E-003 -0.395171500607670     
   1.80399750000000       0.302332916666667      -0.387446529944344     
   1.80399750000000       0.602665833333333      -0.366594724513340     
   1.80399750000000       0.902998750000000      -0.337190919237447     
   1.80399750000000        1.20333166666667      -0.304725350824000     
   1.80399750000000        1.50366458333333      -0.273176150408343     
   1.80399750000000        1.80399750000000      -0.244871768910089     
   1.80399750000000        2.10433041666667      -0.221457572579859     
   1.80399750000000        2.40466333333333      -0.202672398173658     
   1.80399750000000        2.70499625000000      -0.187075816842883     
   1.80399750000000        3.00532916666667      -0.173075265302989     
   1.80399750000000        3.30566208333333      -0.159673042100212     
   1.80399750000000        3.60599500000000      -0.146688247349739     
   1.80399750000000        3.90632791666667      -0.134494500590383     
   1.80399750000000        4.20666083333333      -0.123541447578477     
   1.80399750000000        4.50699375000000      -0.113975337202928     
   1.80399750000000        4.80732666666667      -0.105566095844420     
   1.80399750000000        5.10765958333333      -9.792008151032459E-002
   1.80399750000000        5.40799250000000      -9.076007294758157E-002
   1.80399750000000        5.70832541666667      -8.404363002357734E-002
   1.80399750000000        6.00865833333333      -7.785184077064750E-002
   1.80399750000000        6.30899125000000      -7.219404865750463E-002
   1.80399750000000        6.60932416666667      -6.705285166639885E-002
   1.80399750000000        6.90965708333333      -6.235441312229406E-002
   1.80399750000000        7.20999000000000      -5.802921289778222E-002
   2.10433041666667       2.000000000000000E-003 -0.514260003516290     
   2.10433041666667       0.302332916666667      -0.500969137531689     
   2.10433041666667       0.602665833333333      -0.465007284065875     
   2.10433041666667       0.902998750000000      -0.416068714365358     
   2.10433041666667        1.20333166666667      -0.363092552946324     
   2.10433041666667        1.50366458333333      -0.313481186818501     
   2.10433041666667        1.80399750000000      -0.271608471800270     
   2.10433041666667        2.10433041666667      -0.238850449271823     
   2.10433041666667        2.40466333333333      -0.214232629009711     
   2.10433041666667        2.70499625000000      -0.195412617570402     
   2.10433041666667        3.00532916666667      -0.179823174157100     
   2.10433041666667        3.30566208333333      -0.165616931362608     
   2.10433041666667        3.60599500000000      -0.152056444445155     
   2.10433041666667        3.90632791666667      -0.139289582062720     
   2.10433041666667        4.20666083333333      -0.127771207137265     
   2.10433041666667        4.50699375000000      -0.117721262005614     
   2.10433041666667        4.80732666666667      -0.108924758120115     
   2.10433041666667        5.10765958333333      -0.100914652724061     
   2.10433041666667        5.40799250000000      -9.331244246146042E-002
   2.10433041666667        5.70832541666667      -8.603021788394984E-002
   2.10433041666667        6.00865833333333      -7.920943643240413E-002
   2.10433041666667        6.30899125000000      -7.300953803504066E-002
   2.10433041666667        6.60932416666667      -6.746225785255359E-002
   2.10433041666667        6.90965708333333      -6.251103137500988E-002
   2.10433041666667        7.20999000000000      -5.806533274326924E-002
   2.40466333333333       2.000000000000000E-003 -0.698804202443973     
   2.40466333333333       0.302332916666667      -0.673489691294487     
   2.40466333333333       0.602665833333333      -0.606893357507235     
   2.40466333333333       0.902998750000000      -0.521616332304860     
   2.40466333333333        1.20333166666667      -0.436728993330930     
   2.40466333333333        1.50366458333333      -0.362571646628520     
   2.40466333333333        1.80399750000000      -0.303029152336234     
   2.40466333333333        2.10433041666667      -0.258236873436408     
   2.40466333333333        2.40466333333333      -0.226031812279584     
   2.40466333333333        2.70499625000000      -0.202945825088532     
   2.40466333333333        3.00532916666667      -0.185299784464677     
   2.40466333333333        3.30566208333333      -0.170243865119328     
   2.40466333333333        3.60599500000000      -0.156298668635876     
   2.40466333333333        3.90632791666667      -0.143210531259050     
   2.40466333333333        4.20666083333333      -0.131327709922735     
   2.40466333333333        4.50699375000000      -0.120912880311299     
   2.40466333333333        4.80732666666667      -0.111791782091231     
   2.40466333333333        5.10765958333333      -0.103467222871772     
   2.40466333333333        5.40799250000000      -9.548824492025258E-002
   2.40466333333333        5.70832541666667      -8.772061884693159E-002
   2.40466333333333        6.00865833333333      -8.032929359176771E-002
   2.40466333333333        6.30899125000000      -7.355769485306417E-002
   2.40466333333333        6.60932416666667      -6.753852298304247E-002
   2.40466333333333        6.90965708333333      -6.229015378669096E-002
   2.40466333333333        7.20999000000000      -5.779473517782319E-002
   2.70499625000000       2.000000000000000E-003 -0.949967313158529     
   2.70499625000000       0.302332916666667      -0.908615668368940     
   2.70499625000000       0.602665833333333      -0.798929051290794     
   2.70499625000000       0.902998750000000      -0.656735058308076     
   2.70499625000000        1.20333166666667      -0.523951748193752     
   2.70499625000000        1.50366458333333      -0.417777181820767     
   2.70499625000000        1.80399750000000      -0.337156153950437     
   2.70499625000000        2.10433041666667      -0.278600170229635     
   2.70499625000000        2.40466333333333      -0.237775826589105     
   2.70499625000000        2.70499625000000      -0.209772498499414     
   2.70499625000000        3.00532916666667      -0.189717463030727     
   2.70499625000000        3.30566208333333      -0.173708516977729     
   2.70499625000000        3.60599500000000      -0.159450339969552     
   2.70499625000000        3.90632791666667      -0.146200108756100     
   2.70499625000000        4.20666083333333      -0.134119138222886     
   2.70499625000000        4.50699375000000      -0.123464336602112     
   2.70499625000000        4.80732666666667      -0.114097185624239     
   2.70499625000000        5.10765958333333      -0.105516850722574     
   2.70499625000000        5.40799250000000      -9.722654496790979E-002
   2.70499625000000        5.70832541666667      -8.904458260551271E-002
   2.70499625000000        6.00865833333333      -8.112110178248098E-002
   2.70499625000000        6.30899125000000      -7.371631923601249E-002
   2.70499625000000        6.60932416666667      -6.708563484044205E-002
   2.70499625000000        6.90965708333333      -6.159190277766348E-002
   2.70499625000000        7.20999000000000      -5.723970421277941E-002
   3.00532916666667       2.000000000000000E-003  -1.22724769316547     
   3.00532916666667       0.302332916666667       -1.17020409480242     
   3.00532916666667       0.602665833333333       -1.01277770690078     
   3.00532916666667       0.902998750000000      -0.808311661796982     
   3.00532916666667        1.20333166666667      -0.615720725480452     
   3.00532916666667        1.50366458333333      -0.471848471711454     
   3.00532916666667        1.80399750000000      -0.369323621050282     
   3.00532916666667        2.10433041666667      -0.297338213388224     
   3.00532916666667        2.40466333333333      -0.248272492298844     
   3.00532916666667        2.70499625000000      -0.215538631955542     
   3.00532916666667        3.00532916666667      -0.193116546315084     
   3.00532916666667        3.30566208333333      -0.176150297983926     
   3.00532916666667        3.60599500000000      -0.161604159795797     
   3.00532916666667        3.90632791666667      -0.148274162930046     
   3.00532916666667        4.20666083333333      -0.136110002645313     
   3.00532916666667        4.50699375000000      -0.125322161079792     
   3.00532916666667        4.80732666666667      -0.115789527538491     
   3.00532916666667        5.10765958333333      -0.107018927163928     
   3.00532916666667        5.40799250000000      -9.848764889047246E-002
   3.00532916666667        5.70832541666667      -8.996646259313307E-002
   3.00532916666667        6.00865833333333      -8.154661351347139E-002
   3.00532916666667        6.30899125000000      -7.343734897274323E-002
   3.00532916666667        6.60932416666667      -6.616790654213285E-002
   3.00532916666667        6.90965708333333      -6.052677969319702E-002
   3.00532916666667        7.20999000000000      -5.653889138461933E-002
   3.30566208333333       2.000000000000000E-003  -1.44078774726937     
   3.30566208333333       0.302332916666667       -1.37775068090888     
   3.30566208333333       0.602665833333333       -1.18919894997211     
   3.30566208333333       0.902998750000000      -0.931441418948783     
   3.30566208333333        1.20333166666667      -0.690884802907253     
   3.30566208333333        1.50366458333333      -0.512910348218588     
   3.30566208333333        1.80399750000000      -0.392869789764814     
   3.30566208333333        2.10433041666667      -0.310809218511116     
   3.30566208333333        2.40466333333333      -0.255706102564899     
   3.30566208333333        2.70499625000000      -0.219505222078873     
   3.30566208333333        3.00532916666667      -0.195317597226898     
   3.30566208333333        3.30566208333333      -0.177611067585401     
   3.30566208333333        3.60599500000000      -0.162838863278241     
   3.30566208333333        3.90632791666667      -0.149476073445752     
   3.30566208333333        4.20666083333333      -0.137295566049556     
   3.30566208333333        4.50699375000000      -0.126449727541581     
   3.30566208333333        4.80732666666667      -0.116824587347425     
   3.30566208333333        5.10765958333333      -0.107936831631629     
   3.30566208333333        5.40799250000000      -9.924963550212451E-002
   3.30566208333333        5.70832541666667      -9.049276575890698E-002
   3.30566208333333        6.00865833333333      -8.166964549126123E-002
   3.30566208333333        6.30899125000000      -7.294837575967289E-002
   3.30566208333333        6.60932416666667      -6.506667869021492E-002
   3.30566208333333        6.90965708333333      -5.940007192182235E-002
   3.30566208333333        7.20999000000000      -5.577561222973246E-002
   3.60599500000000       2.000000000000000E-003  -1.59813705884977     
   3.60599500000000       0.302332916666667       -1.45813078692709     
   3.60599500000000       0.602665833333333       -1.25772354785936     
   3.60599500000000       0.902998750000000      -0.979424729040399     
   3.60599500000000        1.20333166666667      -0.720175606775282     
   3.60599500000000        1.50366458333333      -0.528458712170389     
   3.60599500000000        1.80399750000000      -0.401579588255997     
   3.60599500000000        2.10433041666667      -0.315741572971657     
   3.60599500000000        2.40466333333333      -0.258410554681537     
   3.60599500000000        2.70499625000000      -0.220931820749614     
   3.60599500000000        3.00532916666667      -0.196086819420067     
   3.60599500000000        3.30566208333333      -0.178096849284347     
   3.60599500000000        3.60599500000000      -0.163235110428703     
   3.60599500000000        3.90632791666667      -0.149866295746734     
   3.60599500000000        4.20666083333333      -0.137689263976807     
   3.60599500000000        4.50699375000000      -0.126828753508040     
   3.60599500000000        4.80732666666667      -0.117174135922178     
   3.60599500000000        5.10765958333333      -0.108246951657237     
   3.60599500000000        5.40799250000000      -9.950536601172687E-002
   3.60599500000000        5.70832541666667      -9.066173924698050E-002
   3.60599500000000        6.00865833333333      -8.167580527066631E-002
   3.60599500000000        6.30899125000000      -7.270076729697666E-002
   3.60599500000000        6.60932416666667      -6.454414649008466E-002
   3.60599500000000        6.90965708333333      -5.895765574063927E-002
   3.60599500000000        7.20999000000000      -5.508649258216018E-002
   3.90632791666667       2.000000000000000E-003  -1.44079166126897     
   3.90632791666667       0.302332916666667       -1.37772279216983     
   3.90632791666667       0.602665833333333       -1.18917488576987     
   3.90632791666667       0.902998750000000      -0.931429207609938     
   3.90632791666667        1.20333166666667      -0.690880863543091     
   3.90632791666667        1.50366458333333      -0.512909989320235     
   3.90632791666667        1.80399750000000      -0.392870922976758     
   3.90632791666667        2.10433041666667      -0.310811382619834     
   3.90632791666667        2.40466333333333      -0.255709328754816     
   3.90632791666667        2.70499625000000      -0.219509660930273     
   3.90632791666667        3.00532916666667      -0.195323239186767     
   3.90632791666667        3.30566208333333      -0.177617695017041     
   3.90632791666667        3.60599500000000      -0.162846120713556     
   3.90632791666667        3.90632791666667      -0.149483481462437     
   3.90632791666667        4.20666083333333      -0.137302707036396     
   3.90632791666667        4.50699375000000      -0.126456345495132     
   3.90632791666667        4.80732666666667      -0.116830543621775     
   3.90632791666667        5.10765958333333      -0.107942193251086     
   3.90632791666667        5.40799250000000      -9.925455468019748E-002
   3.90632791666667        5.70832541666667      -9.049744076463205E-002
   3.90632791666667        6.00865833333333      -8.167419693961636E-002
   3.90632791666667        6.30899125000000      -7.295283687022786E-002
   3.90632791666667        6.60932416666667      -6.507113805969184E-002
   3.90632791666667        6.90965708333333      -5.940404554174521E-002
   3.90632791666667        7.20999000000000      -5.577604814104588E-002
   4.20666083333333       2.000000000000000E-003  -1.22725442048053     
   4.20666083333333       0.302332916666667       -1.17018227803736     
   4.20666083333333       0.602665833333333       -1.01275428945938     
   4.20666083333333       0.902998750000000      -0.808298713243186     
   4.20666083333333        1.20333166666667      -0.615716916685154     
   4.20666083333333        1.50366458333333      -0.471848880443427     
   4.20666083333333        1.80399750000000      -0.369326150598506     
   4.20666083333333        2.10433041666667      -0.297342561872685     
   4.20666083333333        2.40466333333333      -0.248278870812950     
   4.20666083333333        2.70499625000000      -0.215547331950174     
   4.20666083333333        3.00532916666667      -0.193127548548298     
   4.20666083333333        3.30566208333333      -0.176163227739112     
   4.20666083333333        3.60599500000000      -0.161618249382309     
   4.20666083333333        3.90632791666667      -0.148288488892728     
   4.20666083333333        4.20666083333333      -0.136123795395512     
   4.20666083333333        4.50699375000000      -0.125334936542367     
   4.20666083333333        4.80732666666667      -0.115801130646640     
   4.20666083333333        5.10765958333333      -0.107029511436139     
   4.20666083333333        5.40799250000000      -9.849754877844594E-002
   4.20666083333333        5.70832541666667      -8.997606799773369E-002
   4.20666083333333        6.00865833333333      -8.155622159016584E-002
   4.20666083333333        6.30899125000000      -7.344694750686818E-002
   4.20666083333333        6.60932416666667      -6.617713849763282E-002
   4.20666083333333        6.90965708333333      -6.053425123368213E-002
   4.20666083333333        7.20999000000000      -5.654223621594623E-002
   4.50699375000000       2.000000000000000E-003 -0.949974048216108     
   4.50699375000000       0.302332916666667      -0.908607756504082     
   4.50699375000000       0.602665833333333      -0.798917941757499     
   4.50699375000000       0.902998750000000      -0.656729194738156     
   4.50699375000000        1.20333166666667      -0.523950728966407     
   4.50699375000000        1.50366458333333      -0.417779019434263     
   4.50699375000000        1.80399750000000      -0.337160032727128     
   4.50699375000000        2.10433041666667      -0.278606306520400     
   4.50699375000000        2.40466333333333      -0.237784810039667     
   4.50699375000000        2.70499625000000      -0.209784806577377     
   4.50699375000000        3.00532916666667      -0.189733101812920     
   4.50699375000000        3.30566208333333      -0.173726848113147     
   4.50699375000000        3.60599500000000      -0.159470231489172     
   4.50699375000000        3.90632791666667      -0.146220207694438     
   4.50699375000000        4.20666083333333      -0.134138469164471     
   4.50699375000000        4.50699375000000      -0.123482355059259     
   4.50699375000000        4.80732666666667      -0.114113797329698     
   4.50699375000000        5.10765958333333      -0.105532398160980     
   4.50699375000000        5.40799250000000      -9.724152849314668E-002
   4.50699375000000        5.70832541666667      -8.905955607799361E-002
   4.50699375000000        6.00865833333333      -8.113650925564532E-002
   4.50699375000000        6.30899125000000      -7.373227361693267E-002
   4.50699375000000        6.60932416666667      -6.710166045428761E-002
   4.50699375000000        6.90965708333333      -6.160673837203431E-002
   4.50699375000000        7.20999000000000      -5.725199831493025E-002
   4.80732666666667       2.000000000000000E-003 -0.698809118881850     
   4.80732666666667       0.302332916666667      -0.673489949167621     
   4.80732666666667       0.602665833333333      -0.606892136195504     
   4.80732666666667       0.902998750000000      -0.521616186266453     
   4.80732666666667        1.20333166666667      -0.436730275410595     
   4.80732666666667        1.50366458333333      -0.362574184727723     
   4.80732666666667        1.80399750000000      -0.303033314589509     
   4.80732666666667        2.10433041666667      -0.258243600501607     
   4.80732666666667        2.40466333333333      -0.226042143766547     
   4.80732666666667        2.70499625000000      -0.202960493431237     
   4.80732666666667        3.00532916666667      -0.185318665350764     
   4.80732666666667        3.30566208333333      -0.170265957288718     
   4.80732666666667        3.60599500000000      -0.156322463716490     
   4.80732666666667        3.90632791666667      -0.143234578302764     
   4.80732666666667        4.20666083333333      -0.131350883559362     
   4.80732666666667        4.50699375000000      -0.120934752153556     
   4.80732666666667        4.80732666666667      -0.111812512781330     
   4.80732666666667        5.10765958333333      -0.103487333841115     
   4.80732666666667        5.40799250000000      -9.550840400588764E-002
   4.80732666666667        5.70832541666667      -8.774147265341212E-002
   4.80732666666667        6.00865833333333      -8.035133415945038E-002
   4.80732666666667        6.30899125000000      -7.358112811650919E-002
   4.80732666666667        6.60932416666667      -6.756304206249451E-002
   4.80732666666667        6.90965708333333      -6.231486746413410E-002
   4.80732666666667        7.20999000000000      -5.781839176076578E-002
   5.10765958333333       2.000000000000000E-003 -0.514262764545285     
   5.10765958333333       0.302332916666667      -0.500972186419856     
   5.10765958333333       0.602665833333333      -0.465010127583986     
   5.10765958333333       0.902998750000000      -0.416070772825969     
   5.10765958333333        1.20333166666667      -0.363093719357098     
   5.10765958333333        1.50366458333333      -0.313482241513539     
   5.10765958333333        1.80399750000000      -0.271610836853117     
   5.10765958333333        2.10433041666667      -0.238855864438999     
   5.10765958333333        2.40466333333333      -0.214242639878789     
   5.10765958333333        2.70499625000000      -0.195427868946576     
   5.10765958333333        3.00532916666667      -0.179843236451401     
   5.10765958333333        3.30566208333333      -0.165640454510077     
   5.10765958333333        3.60599500000000      -0.152081665754566     
   5.10765958333333        3.90632791666667      -0.139315007760258     
   5.10765958333333        4.20666083333333      -0.127795987975644     
   5.10765958333333        4.50699375000000      -0.117745333313365     
   5.10765958333333        4.80732666666667      -0.108948542132497     
   5.10765958333333        5.10765958333333      -0.100938859249102     
   5.10765958333333        5.40799250000000      -9.333780293564702E-002
   5.10765958333333        5.70832541666667      -8.605739682906238E-002
   5.10765958333333        6.00865833333333      -7.923894352733626E-002
   5.10765958333333        6.30899125000000      -7.304165773671127E-002
   5.10765958333333        6.60932416666667      -6.749676703827773E-002
   5.10765958333333        6.90965708333333      -6.254672105692037E-002
   5.10765958333333        7.20999000000000      -5.810079203633754E-002
   5.40799250000000       2.000000000000000E-003 -0.395172514525131     
   5.40799250000000       0.302332916666667      -0.387448805420448     
   5.40799250000000       0.602665833333333      -0.366596831465352     
   5.40799250000000       0.902998750000000      -0.337191141650584     
   5.40799250000000        1.20333166666667      -0.304722860429169     
   5.40799250000000        1.50366458333333      -0.273172608100616     
   5.40799250000000        1.80399750000000      -0.244869893497225     
   5.40799250000000        2.10433041666667      -0.221459883260759     
   5.40799250000000        2.40466333333333      -0.202680531318483     
   5.40799250000000        2.70499625000000      -0.187090156655793     
   5.40799250000000        3.00532916666667      -0.173094759753355     
   5.40799250000000        3.30566208333333      -0.159695721880882     
   5.40799250000000        3.60599500000000      -0.146712137357784     
   5.40799250000000        3.90632791666667      -0.134518505465240     
   5.40799250000000        4.20666083333333      -0.123565499863941     
   5.40799250000000        4.50699375000000      -0.113999941135905     
   5.40799250000000        4.80732666666667      -0.105591978074208     
   5.40799250000000        5.10765958333333      -9.794798620446268E-002
   5.40799250000000        5.40799250000000      -9.079063283866541E-002
   5.40799250000000        5.70832541666667      -8.407741560932291E-002
   5.40799250000000        6.00865833333333      -7.788938411625200E-002
   5.40799250000000        6.30899125000000      -7.223516878181262E-002
   5.40799250000000        6.60932416666667      -6.709688038199331E-002
   5.40799250000000        6.90965708333333      -6.240032705466306E-002
   5.40799250000000        7.20999000000000      -5.807528056306942E-002
   5.70832541666667       2.000000000000000E-003 -0.320128036120231     
   5.70832541666667       0.302332916666667      -0.315193098010159     
   5.70832541666667       0.602665833333333      -0.301780753079871     
   5.70832541666667       0.902998750000000      -0.282987651229695     
   5.70832541666667        1.20333166666667      -0.262133983021720     
   5.70832541666667        1.50366458333333      -0.241664116798207     
   5.70832541666667        1.80399750000000      -0.222741932049373     
   5.70832541666667        2.10433041666667      -0.205817512788067     
   5.70832541666667        2.40466333333333      -0.191027460471897     
   5.70832541666667        2.70499625000000      -0.177662436993932     
   5.70832541666667        3.00532916666667      -0.164923182390096     
   5.70832541666667        3.30566208333333      -0.152444432755699     
   5.70832541666667        3.60599500000000      -0.140353266994131     
   5.70832541666667        3.90632791666667      -0.129034028948456     
   5.70832541666667        4.20666083333333      -0.118833055433850     
   5.70832541666667        4.50699375000000      -0.109834390885181     
   5.70832541666667        4.80732666666667      -0.101847540082077     
   5.70832541666667        5.10765958333333      -9.460139825434354E-002
   5.70832541666667        5.40799250000000      -8.794527612311868E-002
   5.70832541666667        5.70832541666667      -8.187068100716935E-002
   5.70832541666667        6.00865833333333      -7.630176872107887E-002
   5.70832541666667        6.30899125000000      -7.119173796911593E-002
   5.70832541666667        6.60932416666667      -6.647153553442101E-002
   5.70832541666667        6.90965708333333      -6.204518446197276E-002
   5.70832541666667        7.20999000000000      -5.786576111645420E-002
   6.00865833333333       2.000000000000000E-003 -0.274279262828721     
   6.00865833333333       0.302332916666667      -0.270378529474731     
   6.00865833333333       0.602665833333333      -0.260148889068177     
   6.00865833333333       0.902998750000000      -0.246536248087935     
   6.00865833333333        1.20333166666667      -0.231983971094463     
   6.00865833333333        1.50366458333333      -0.217760502418614     
   6.00865833333333        1.80399750000000      -0.204190624090164     
   6.00865833333333        2.10433041666667      -0.191178448767969     
   6.00865833333333        2.40466333333333      -0.178860813555346     
   6.00865833333333        2.70499625000000      -0.167016183960093     
   6.00865833333333        3.00532916666667      -0.155422384036973     
   6.00865833333333        3.30566208333333      -0.144146286709383     
   6.00865833333333        3.60599500000000      -0.133358856627562     
   6.00865833333333        3.90632791666667      -0.123201400524432     
   6.00865833333333        4.20666083333333      -0.113848639769144     
   6.00865833333333        4.50699375000000      -0.105426766098373     
   6.00865833333333        4.80732666666667      -9.784962200790145E-002
   6.00865833333333        5.10765958333333      -9.100027978007257E-002
   6.00865833333333        5.40799250000000      -8.486297768323897E-002
   6.00865833333333        5.70832541666667      -7.939185802197253E-002
   6.00865833333333        6.00865833333333      -7.445459966159829E-002
   6.00865833333333        6.30899125000000      -6.992369723994037E-002
   6.00865833333333        6.60932416666667      -6.565963348300627E-002
   6.00865833333333        6.90965708333333      -6.153640875503927E-002
   6.00865833333333        7.20999000000000      -5.751846125160316E-002
   6.30899125000000       2.000000000000000E-003 -0.244690752904934     
   6.30899125000000       0.302332916666667      -0.240816743580114     
   6.30899125000000       0.602665833333333      -0.231478309149240     
   6.30899125000000       0.902998750000000      -0.220236746187000     
   6.30899125000000        1.20333166666667      -0.209019542031521     
   6.30899125000000        1.50366458333333      -0.198278629015006     
   6.30899125000000        1.80399750000000      -0.187720814435353     
   6.30899125000000        2.10433041666667      -0.176907769585507     
   6.30899125000000        2.40466333333333      -0.166077940378644     
   6.30899125000000        2.70499625000000      -0.155343074808594     
   6.30899125000000        3.00532916666667      -0.144813066982428     
   6.30899125000000        3.30566208333333      -0.134921394176057     
   6.30899125000000        3.60599500000000      -0.125856179424593     
   6.30899125000000        3.90632791666667      -0.117255148574946     
   6.30899125000000        4.20666083333333      -0.108865052493519     
   6.30899125000000        4.50699375000000      -0.100944130728960     
   6.30899125000000        4.80732666666667      -9.373059674295185E-002
   6.30899125000000        5.10765958333333      -8.722987042895801E-002
   6.30899125000000        5.40799250000000      -8.155146654735979E-002
   6.30899125000000        5.70832541666667      -7.666593930800701E-002
   6.30899125000000        6.00865833333333      -7.237235330785893E-002
   6.30899125000000        6.30899125000000      -6.843253754903207E-002
   6.30899125000000        6.60932416666667      -6.463169885253664E-002
   6.30899125000000        6.90965708333333      -6.084910731444510E-002
   6.30899125000000        7.20999000000000      -5.704044738391573E-002
   6.60932416666667       2.000000000000000E-003 -0.220525626666954     
   6.60932416666667       0.302332916666667      -0.215675201992708     
   6.60932416666667       0.602665833333333      -0.206723274120780     
   6.60932416666667       0.902998750000000      -0.197757258445024     
   6.60932416666667        1.20333166666667      -0.189085472570618     
   6.60932416666667        1.50366458333333      -0.180633652692542     
   6.60932416666667        1.80399750000000      -0.172002120810120     
   6.60932416666667        2.10433041666667      -0.162762235382438     
   6.60932416666667        2.40466333333333      -0.153026815765709     
   6.60932416666667        2.70499625000000      -0.143159948789524     
   6.60932416666667        3.00532916666667      -0.133597141689202     
   6.60932416666667        3.30566208333333      -0.125359552200402     
   6.60932416666667        3.60599500000000      -0.118639362450152     
   6.60932416666667        3.90632791666667      -0.111859892627144     
   6.60932416666667        4.20666083333333      -0.104314153294730     
   6.60932416666667        4.50699375000000      -9.661289043142900E-002
   6.60932416666667        4.80732666666667      -8.958934793014858E-002
   6.60932416666667        5.10765958333333      -8.334533243879264E-002
   6.60932416666667        5.40799250000000      -7.808715125139108E-002
   6.60932416666667        5.70832541666667      -7.376449987382962E-002
   6.60932416666667        6.00865833333333      -7.011025479852345E-002
   6.60932416666667        6.30899125000000      -6.674161682160644E-002
   6.60932416666667        6.60932416666667      -6.330796348694158E-002
   6.60932416666667        6.90965708333333      -5.989540622185440E-002
   6.60932416666667        7.20999000000000      -5.652144586649768E-002
   6.90965708333333       2.000000000000000E-003 -0.201490139277912     
   6.90965708333333       0.302332916666667      -0.192230898003515     
   6.90965708333333       0.602665833333333      -0.182578466524333     
   6.90965708333333       0.902998750000000      -0.176625990939819     
   6.90965708333333        1.20333166666667      -0.170494547340675     
   6.90965708333333        1.50366458333333      -0.163921995259230     
   6.90965708333333        1.80399750000000      -0.156812999557656     
   6.90965708333333        2.10433041666667      -0.148949368096599     
   6.90965708333333        2.40466333333333      -0.140424988511910     
   6.90965708333333        2.70499625000000      -0.131586865534681     
   6.90965708333333        3.00532916666667      -0.123289675567210     
   6.90965708333333        3.30566208333333      -0.117363837436105     
   6.90965708333333        3.60599500000000      -0.113497344406930     
   6.90965708333333        3.90632791666667      -0.107596713559034     
   6.90965708333333        4.20666083333333      -0.100376150135155     
   6.90965708333333        4.50699375000000      -9.260590927634210E-002
   6.90965708333333        4.80732666666667      -8.548491983950209E-002
   6.90965708333333        5.10765958333333      -7.944018487099135E-002
   6.90965708333333        5.40799250000000      -7.455328066152891E-002
   6.90965708333333        5.70832541666667      -7.076415406811765E-002
   6.90965708333333        6.00865833333333      -6.774148505579093E-002
   6.90965708333333        6.30899125000000      -6.499210841915733E-002
   6.90965708333333        6.60932416666667      -6.195633939423408E-002
   6.90965708333333        6.90965708333333      -5.896739734897131E-002
   6.90965708333333        7.20999000000000      -5.650602401659277E-002
   7.20999000000000       2.000000000000000E-003 -0.184209384446821     
   7.20999000000000       0.302332916666667      -0.176353538875559     
   7.20999000000000       0.602665833333333      -0.165230505390907     
   7.20999000000000       0.902998750000000      -0.159181033478807     
   7.20999000000000        1.20333166666667      -0.154020557441064     
   7.20999000000000        1.50366458333333      -0.148632584489551     
   7.20999000000000        1.80399750000000      -0.142717944686607     
   7.20999000000000        2.10433041666667      -0.136157882847202     
   7.20999000000000        2.40466333333333      -0.129075877237288     
   7.20999000000000        2.70499625000000      -0.121823648302181     
   7.20999000000000        3.00532916666667      -0.115537932997592     
   7.20999000000000        3.30566208333333      -0.112040023221753     
   7.20999000000000        3.60599500000000      -0.109079329603862     
   7.20999000000000        3.90632791666667      -0.102879941333940     
   7.20999000000000        4.20666083333333      -9.628160801422506E-002
   7.20999000000000        4.50699375000000      -8.850130654974706E-002
   7.20999000000000        4.80732666666667      -8.137913620572304E-002
   7.20999000000000        5.10765958333333      -7.553258947996563E-002
   7.20999000000000        5.40799250000000      -7.102904225983268E-002
   7.20999000000000        5.70832541666667      -6.770093117049086E-002
   7.20999000000000        6.00865833333333      -6.522633910567671E-002
   7.20999000000000        6.30899125000000      -6.314138355922834E-002
   7.20999000000000        6.60932416666667      -6.094419351194713E-002
   7.20999000000000        6.90965708333333      -5.865245620355334E-002
   7.20999000000000        7.20999000000000      -5.605745549428446E-002
