  2.000000000000000E-003  2.000000000000000E-003 -0.439830521739395     
  2.000000000000000E-003  0.302332916666667      -0.368170740552031     
  2.000000000000000E-003  0.602665833333333      -0.302684871396935     
  2.000000000000000E-003  0.902998750000000      -0.267207692320294     
  2.000000000000000E-003   1.20333166666667      -0.246867853192226     
  2.000000000000000E-003   1.50366458333333      -0.231769593511401     
  2.000000000000000E-003   1.80399750000000      -0.217283586835875     
  2.000000000000000E-003   2.10433041666667      -0.201624844430347     
  2.000000000000000E-003   2.40466333333333      -0.184787235474181     
  2.000000000000000E-003   2.70499625000000      -0.168310289251832     
  2.000000000000000E-003   3.00532916666667      -0.154423265494871     
  2.000000000000000E-003   3.30566208333333      -0.147455579773522     
  2.000000000000000E-003   3.60599500000000      -0.142743962924318     
  2.000000000000000E-003   3.90632791666667      -0.130690624138268     
  2.000000000000000E-003   4.20666083333333      -0.118735354289103     
  2.000000000000000E-003   4.50699375000000      -0.105868872934247     
  2.000000000000000E-003   4.80732666666667      -9.481720110659229E-002
  2.000000000000000E-003   5.10765958333333      -8.612349011608098E-002
  2.000000000000000E-003   5.40799250000000      -7.957734559720700E-002
  2.000000000000000E-003   5.70832541666667      -7.502595945715672E-002
  2.000000000000000E-003   6.00865833333333      -7.189696924696665E-002
  2.000000000000000E-003   6.30899125000000      -6.927355089457772E-002
  2.000000000000000E-003   6.60932416666667      -6.620380737528443E-002
  2.000000000000000E-003   6.90965708333333      -6.313110583121208E-002
  2.000000000000000E-003   7.20999000000000      -5.988250710951865E-002
  0.302332916666667       2.000000000000000E-003 -0.467541513704310     
  0.302332916666667       0.302332916666667      -0.411877136174435     
  0.302332916666667       0.602665833333333      -0.347392857007615     
  0.302332916666667       0.902998750000000      -0.307143875203740     
  0.302332916666667        1.20333166666667      -0.280464828998048     
  0.302332916666667        1.50366458333333      -0.259218664234108     
  0.302332916666667        1.80399750000000      -0.239375048316985     
  0.302332916666667        2.10433041666667      -0.219247012980094     
  0.302332916666667        2.40466333333333      -0.199071175630150     
  0.302332916666667        2.70499625000000      -0.180151471017917     
  0.302332916666667        3.00532916666667      -0.163861571330823     
  0.302332916666667        3.30566208333333      -0.153778895463636     
  0.302332916666667        3.60599500000000      -0.147723908120985     
  0.302332916666667        3.90632791666667      -0.136525311449476     
  0.302332916666667        4.20666083333333      -0.122966906325283     
  0.302332916666667        4.50699375000000      -0.109543383433883     
  0.302332916666667        4.80732666666667      -9.817189895493976E-002
  0.302332916666667        5.10765958333333      -8.906591049011273E-002
  0.302332916666667        5.40799250000000      -8.206377791670476E-002
  0.302332916666667        5.70832541666667      -7.701706111403496E-002
  0.302332916666667        6.00865833333333      -7.330794916258801E-002
  0.302332916666667        6.30899125000000      -7.004928809645139E-002
  0.302332916666667        6.60932416666667      -6.627351588163891E-002
  0.302332916666667        6.90965708333333      -6.229499064497002E-002
  0.302332916666667        7.20999000000000      -5.919966592477428E-002
  0.602665833333333       2.000000000000000E-003 -0.479874743390383     
  0.602665833333333       0.302332916666667      -0.454770342153491     
  0.602665833333333       0.602665833333333      -0.403923147325933     
  0.602665833333333       0.902998750000000      -0.356507838304733     
  0.602665833333333        1.20333166666667      -0.318797420207110     
  0.602665833333333        1.50366458333333      -0.287942162570869     
  0.602665833333333        1.80399750000000      -0.260807123933237     
  0.602665833333333        2.10433041666667      -0.235619979802446     
  0.602665833333333        2.40466333333333      -0.212528600783022     
  0.602665833333333        2.70499625000000      -0.192245608366800     
  0.602665833333333        3.00532916666667      -0.174679135058125     
  0.602665833333333        3.30566208333333      -0.161371353073899     
  0.602665833333333        3.60599500000000      -0.151013624338609     
  0.602665833333333        3.90632791666667      -0.139150350316253     
  0.602665833333333        4.20666083333333      -0.125407184226168     
  0.602665833333333        4.50699375000000      -0.112127744079049     
  0.602665833333333        4.80732666666667      -0.100908377944084     
  0.602665833333333        5.10765958333333      -9.164206845893486E-002
  0.602665833333333        5.40799250000000      -8.432236899848508E-002
  0.602665833333333        5.70832541666667      -7.875506913722292E-002
  0.602665833333333        6.00865833333333      -7.437388977323617E-002
  0.602665833333333        6.30899125000000      -7.044202052222470E-002
  0.602665833333333        6.60932416666667      -6.625676251566351E-002
  0.602665833333333        6.90965708333333      -6.183655963022199E-002
  0.602665833333333        7.20999000000000      -5.794558860564708E-002
  0.902998750000000       2.000000000000000E-003 -0.510916814806246     
  0.902998750000000       0.302332916666667      -0.492874829575761     
  0.902998750000000       0.602665833333333      -0.449252537990081     
  0.902998750000000       0.902998750000000      -0.398920368797117     
  0.902998750000000        1.20333166666667      -0.352833502783781     
  0.902998750000000        1.50366458333333      -0.313168668628639     
  0.902998750000000        1.80399750000000      -0.278955981463295     
  0.902998750000000        2.10433041666667      -0.248996277418983     
  0.902998750000000        2.40466333333333      -0.223628737297500     
  0.902998750000000        2.70499625000000      -0.202011011316944     
  0.902998750000000        3.00532916666667      -0.183301438809137     
  0.902998750000000        3.30566208333333      -0.167424018757997     
  0.902998750000000        3.60599500000000      -0.153590146557621     
  0.902998750000000        3.90632791666667      -0.140071247003094     
  0.902998750000000        4.20666083333333      -0.126447782815979     
  0.902998750000000        4.50699375000000      -0.113777027800062     
  0.902998750000000        4.80732666666667      -0.102947877304834     
  0.902998750000000        5.10765958333333      -9.384697457351203E-002
  0.902998750000000        5.40799250000000      -8.631553690170107E-002
  0.902998750000000        5.70832541666667      -8.029931045755516E-002
  0.902998750000000        6.00865833333333      -7.529983843913604E-002
  0.902998750000000        6.30899125000000      -7.077691429274188E-002
  0.902998750000000        6.60932416666667      -6.629380565788467E-002
  0.902998750000000        6.90965708333333      -6.176077575261796E-002
  0.902998750000000        7.20999000000000      -5.751800742166427E-002
   1.20333166666667       2.000000000000000E-003 -0.533312104075823     
   1.20333166666667       0.302332916666667      -0.518153756975977     
   1.20333166666667       0.602665833333333      -0.478520543775906     
   1.20333166666667       0.902998750000000      -0.428003898928615     
   1.20333166666667        1.20333166666667      -0.377324193790484     
   1.20333166666667        1.50366458333333      -0.331517365387160     
   1.20333166666667        1.80399750000000      -0.291811861454334     
   1.20333166666667        2.10433041666667      -0.258600719000094     
   1.20333166666667        2.40466333333333      -0.231418067608067     
   1.20333166666667        2.70499625000000      -0.208398314709368     
   1.20333166666667        3.00532916666667      -0.188479838296203     
   1.20333166666667        3.30566208333333      -0.171014347124106     
   1.20333166666667        3.60599500000000      -0.155308866677394     
   1.20333166666667        3.90632791666667      -0.140720004343277     
   1.20333166666667        4.20666083333333      -0.127144560364214     
   1.20333166666667        4.50699375000000      -0.115011364976154     
   1.20333166666667        4.80732666666667      -0.104548952699528     
   1.20333166666667        5.10765958333333      -9.564992280132985E-002
   1.20333166666667        5.40799250000000      -8.807861491976049E-002
   1.20333166666667        5.70832541666667      -8.170130911193225E-002
   1.20333166666667        6.00865833333333      -7.618020173159502E-002
   1.20333166666667        6.30899125000000      -7.114072504976447E-002
   1.20333166666667        6.60932416666667      -6.632538641780021E-002
   1.20333166666667        6.90965708333333      -6.166940523351065E-002
   1.20333166666667        7.20999000000000      -5.732130028701021E-002
   1.50366458333333       2.000000000000000E-003 -0.541613782398246     
   1.50366458333333       0.302332916666667      -0.528128068257519     
   1.50366458333333       0.602665833333333      -0.491848880097398     
   1.50366458333333       0.902998750000000      -0.442719902227878     
   1.50366458333333        1.20333166666667      -0.390384700573499     
   1.50366458333333        1.50366458333333      -0.341105234887687     
   1.50366458333333        1.80399750000000      -0.298413340938840     
   1.50366458333333        2.10433041666667      -0.263835767671384     
   1.50366458333333        2.40466333333333      -0.235376016416717     
   1.50366458333333        2.70499625000000      -0.211395667687641     
   1.50366458333333        3.00532916666667      -0.190736892298127     
   1.50366458333333        3.30566208333333      -0.172537126379010     
   1.50366458333333        3.60599500000000      -0.156173897409595     
   1.50366458333333        3.90632791666667      -0.141303146869587     
   1.50366458333333        4.20666083333333      -0.127896006214534     
   1.50366458333333        4.50699375000000      -0.116080576965540     
   1.50366458333333        4.80732666666667      -0.105885715286155     
   1.50366458333333        5.10765958333333      -9.714729898925500E-002
   1.50366458333333        5.40799250000000      -8.959279956932194E-002
   1.50366458333333        5.70832541666667      -8.296308409757108E-002
   1.50366458333333        6.00865833333333      -7.702703323023621E-002
   1.50366458333333        6.30899125000000      -7.156133257848114E-002
   1.50366458333333        6.60932416666667      -6.644002736874588E-002
   1.50366458333333        6.90965708333333      -6.164398714896305E-002
   1.50366458333333        7.20999000000000      -5.723766160755558E-002
   1.80399750000000       2.000000000000000E-003 -0.536487419981465     
   1.80399750000000       0.302332916666667      -0.524342517082546     
   1.80399750000000       0.602665833333333      -0.490201043680438     
   1.80399750000000       0.902998750000000      -0.442919081306917     
   1.80399750000000        1.20333166666667      -0.390722313139095     
   1.80399750000000        1.50366458333333      -0.341187582728748     
   1.80399750000000        1.80399750000000      -0.299296084064294     
   1.80399750000000        2.10433041666667      -0.264365557533567     
   1.80399750000000        2.40466333333333      -0.235299587025903     
   1.80399750000000        2.70499625000000      -0.211005441310405     
   1.80399750000000        3.00532916666667      -0.190350180011825     
   1.80399750000000        3.30566208333333      -0.172303923581394     
   1.80399750000000        3.60599500000000      -0.156134979077703     
   1.80399750000000        3.90632791666667      -0.141506011524847     
   1.80399750000000        4.20666083333333      -0.128397141494708     
   1.80399750000000        4.50699375000000      -0.116889099884015     
   1.80399750000000        4.80732666666667      -0.106949515766513     
   1.80399750000000        5.10765958333333      -9.836342728545729E-002
   1.80399750000000        5.40799250000000      -9.081669154690543E-002
   1.80399750000000        5.70832541666667      -8.402326087980541E-002
   1.80399750000000        6.00865833333333      -7.778523157725538E-002
   1.80399750000000        6.30899125000000      -7.199212479962097E-002
   1.80399750000000        6.60932416666667      -6.662449940565078E-002
   1.80399750000000        6.90965708333333      -6.170061087127261E-002
   1.80399750000000        7.20999000000000      -5.725384487767193E-002
   2.10433041666667       2.000000000000000E-003 -0.520754692213037     
   2.10433041666667       0.302332916666667      -0.507967867709705     
   2.10433041666667       0.602665833333333      -0.474750474087346     
   2.10433041666667       0.902998750000000      -0.428385211991715     
   2.10433041666667        1.20333166666667      -0.380113239074762     
   2.10433041666667        1.50366458333333      -0.334906566570890     
   2.10433041666667        1.80399750000000      -0.294700849086092     
   2.10433041666667        2.10433041666667      -0.260188858320656     
   2.10433041666667        2.40466333333333      -0.231341492604321     
   2.10433041666667        2.70499625000000      -0.207499731620884     
   2.10433041666667        3.00532916666667      -0.187555697158046     
   2.10433041666667        3.30566208333333      -0.170322390716334     
   2.10433041666667        3.60599500000000      -0.154914715381942     
   2.10433041666667        3.90632791666667      -0.140928152223212     
   2.10433041666667        4.20666083333333      -0.128342039158959     
   2.10433041666667        4.50699375000000      -0.117251825036260     
   2.10433041666667        4.80732666666667      -0.107624419835722     
   2.10433041666667        5.10765958333333      -9.922375425226618E-002
   2.10433041666667        5.40799250000000      -9.171179816335363E-002
   2.10433041666667        5.70832541666667      -8.480515934094930E-002
   2.10433041666667        6.00865833333333      -7.836025695728120E-002
   2.10433041666667        6.30899125000000      -7.235137641035941E-002
   2.10433041666667        6.60932416666667      -6.680888245874540E-002
   2.10433041666667        6.90965708333333      -6.180770695522660E-002
   2.10433041666667        7.20999000000000      -5.735157050980225E-002
   2.40466333333333       2.000000000000000E-003 -0.503539273621919     
   2.40466333333333       0.302332916666667      -0.489827836447354     
   2.40466333333333       0.602665833333333      -0.454441346056735     
   2.40466333333333       0.902998750000000      -0.410681083739579     
   2.40466333333333        1.20333166666667      -0.365912324610666     
   2.40466333333333        1.50366458333333      -0.323404428014402     
   2.40466333333333        1.80399750000000      -0.284972955156163     
   2.40466333333333        2.10433041666667      -0.251732152975744     
   2.40466333333333        2.40466333333333      -0.224051182745776     
   2.40466333333333        2.70499625000000      -0.201455637482426     
   2.40466333333333        3.00532916666667      -0.182822089668233     
   2.40466333333333        3.30566208333333      -0.166848652230414     
   2.40466333333333        3.60599500000000      -0.152541973485359     
   2.40466333333333        3.90632791666667      -0.139451818003862     
   2.40466333333333        4.20666083333333      -0.127567905276891     
   2.40466333333333        4.50699375000000      -0.117015211496862     
   2.40466333333333        4.80732666666667      -0.107776746313642     
   2.40466333333333        5.10765958333333      -9.961308621120077E-002
   2.40466333333333        5.40799250000000      -9.218193146163806E-002
   2.40466333333333        5.70832541666667      -8.521943695056103E-002
   2.40466333333333        6.00865833333333      -7.863684633094130E-002
   2.40466333333333        6.30899125000000      -7.248587748584077E-002
   2.40466333333333        6.60932416666667      -6.686087109467197E-002
   2.40466333333333        6.90965708333333      -6.184427435152085E-002
   2.40466333333333        7.20999000000000      -5.748958779840933E-002
   2.70499625000000       2.000000000000000E-003 -0.489781757553891     
   2.70499625000000       0.302332916666667      -0.476599409463139     
   2.70499625000000       0.602665833333333      -0.441105506880858     
   2.70499625000000       0.902998750000000      -0.393980028591776     
   2.70499625000000        1.20333166666667      -0.348167324832711     
   2.70499625000000        1.50366458333333      -0.307187184626886     
   2.70499625000000        1.80399750000000      -0.270925066832694     
   2.70499625000000        2.10433041666667      -0.239890727278115     
   2.70499625000000        2.40466333333333      -0.214298606858627     
   2.70499625000000        2.70499625000000      -0.193629360686609     
   2.70499625000000        3.00532916666667      -0.176722463263917     
   2.70499625000000        3.30566208333333      -0.162241296526030     
   2.70499625000000        3.60599500000000      -0.149178258225832     
   2.70499625000000        3.90632791666667      -0.137097391863552     
   2.70499625000000        4.20666083333333      -0.126019249041454     
   2.70499625000000        4.50699375000000      -0.116093892876483     
   2.70499625000000        4.80732666666667      -0.107312900022265     
   2.70499625000000        5.10765958333333      -9.943816564552160E-002
   2.70499625000000        5.40799250000000      -9.213918568094012E-002
   2.70499625000000        5.70832541666667      -8.518510592485212E-002
   2.70499625000000        6.00865833333333      -7.853660627707430E-002
   2.70499625000000        6.30899125000000      -7.228643149551621E-002
   2.70499625000000        6.60932416666667      -6.657834143912625E-002
   2.70499625000000        6.90965708333333      -6.168913082916814E-002
   2.70499625000000        7.20999000000000      -5.765331897045980E-002
   3.00532916666667       2.000000000000000E-003 -0.466111384899817     
   3.00532916666667       0.302332916666667      -0.453900927142837     
   3.00532916666667       0.602665833333333      -0.419359048999781     
   3.00532916666667       0.902998750000000      -0.372948824191982     
   3.00532916666667        1.20333166666667      -0.326684426920039     
   3.00532916666667        1.50366458333333      -0.287281135395444     
   3.00532916666667        1.80399750000000      -0.253854542457559     
   3.00532916666667        2.10433041666667      -0.225859349900764     
   3.00532916666667        2.40466333333333      -0.203052308865711     
   3.00532916666667        2.70499625000000      -0.184743745291438     
   3.00532916666667        3.00532916666667      -0.169755948523998     
   3.00532916666667        3.30566208333333      -0.156814470813322     
   3.00532916666667        3.60599500000000      -0.144997211209343     
   3.00532916666667        3.90632791666667      -0.133941830302186     
   3.00532916666667        4.20666083333333      -0.123713046943735     
   3.00532916666667        4.50699375000000      -0.114470534727136     
   3.00532916666667        4.80732666666667      -0.106196746608292     
   3.00532916666667        5.10765958333333      -9.865415098270233E-002
   3.00532916666667        5.40799250000000      -9.153787899894747E-002
   3.00532916666667        5.70832541666667      -8.466224156447733E-002
   3.00532916666667        6.00865833333333      -7.803243499873772E-002
   3.00532916666667        6.30899125000000      -7.174054429226730E-002
   3.00532916666667        6.60932416666667      -6.602631447031275E-002
   3.00532916666667        6.90965708333333      -6.141567850918874E-002
   3.00532916666667        7.20999000000000      -5.793322468896624E-002
   3.30566208333333       2.000000000000000E-003 -0.433968357197265     
   3.30566208333333       0.302332916666667      -0.424863650317442     
   3.30566208333333       0.602665833333333      -0.392195962805244     
   3.30566208333333       0.902998750000000      -0.346430721863898     
   3.30566208333333        1.20333166666667      -0.301911549188259     
   3.30566208333333        1.50366458333333      -0.265046414304784     
   3.30566208333333        1.80399750000000      -0.235179138243380     
   3.30566208333333        2.10433041666667      -0.210781747533270     
   3.30566208333333        2.40466333333333      -0.191114682131735     
   3.30566208333333        2.70499625000000      -0.175316425083588     
   3.30566208333333        3.00532916666667      -0.162246955871874     
   3.30566208333333        3.30566208333333      -0.150777158649376     
   3.30566208333333        3.60599500000000      -0.140142211139055     
   3.30566208333333        3.90632791666667      -0.130087116992276     
   3.30566208333333        4.20666083333333      -0.120717466446403     
   3.30566208333333        4.50699375000000      -0.112182330528813     
   3.30566208333333        4.80732666666667      -0.104440912188487     
   3.30566208333333        5.10765958333333      -9.725861595042402E-002
   3.30566208333333        5.40799250000000      -9.036942984747902E-002
   3.30566208333333        5.70832541666667      -8.364345766358190E-002
   3.30566208333333        6.00865833333333      -7.712666465506991E-002
   3.30566208333333        6.30899125000000      -7.086950776160691E-002
   3.30566208333333        6.60932416666667      -6.522116498144076E-002
   3.30566208333333        6.90965708333333      -6.102672336449734E-002
   3.30566208333333        7.20999000000000      -5.812418356502709E-002
   3.60599500000000       2.000000000000000E-003 -0.395171500607670     
   3.60599500000000       0.302332916666667      -0.388249089055356     
   3.60599500000000       0.602665833333333      -0.358096468194850     
   3.60599500000000       0.902998750000000      -0.315277880222010     
   3.60599500000000        1.20333166666667      -0.274527443103362     
   3.60599500000000        1.50366458333333      -0.241623280488268     
   3.60599500000000        1.80399750000000      -0.215985736873055     
   3.60599500000000        2.10433041666667      -0.195456107673627     
   3.60599500000000        2.40466333333333      -0.178985635259649     
   3.60599500000000        2.70499625000000      -0.165638250567243     
   3.60599500000000        3.00532916666667      -0.154378973467244     
   3.60599500000000        3.30566208333333      -0.144275519353039     
   3.60599500000000        3.60599500000000      -0.134752172575056     
   3.60599500000000        3.90632791666667      -0.125665643862790     
   3.60599500000000        4.20666083333333      -0.117144793790190     
   3.60599500000000        4.50699375000000      -0.109309922969106     
   3.60599500000000        4.80732666666667      -0.102094526719562     
   3.60599500000000        5.10765958333333      -9.527825773985392E-002
   3.60599500000000        5.40799250000000      -8.864820988676479E-002
   3.60599500000000        5.70832541666667      -8.213745529617816E-002
   3.60599500000000        6.00865833333333      -7.582855669400633E-002
   3.60599500000000        6.30899125000000      -6.977491552021020E-002
   3.60599500000000        6.60932416666667      -6.438882047928772E-002
   3.60599500000000        6.90965708333333      -6.067883339001719E-002
   3.60599500000000        7.20999000000000      -5.807349542669625E-002
   3.90632791666667       2.000000000000000E-003 -0.334273541271875     
   3.90632791666667       0.302332916666667      -0.331325550606138     
   3.90632791666667       0.602665833333333      -0.310620060236302     
   3.90632791666667       0.902998750000000      -0.277587828596993     
   3.90632791666667        1.20333166666667      -0.244585413480289     
   3.90632791666667        1.50366458333333      -0.217703609667365     
   3.90632791666667        1.80399750000000      -0.196904513228885     
   3.90632791666667        2.10433041666667      -0.180311844508863     
   3.90632791666667        2.40466333333333      -0.166931241647976     
   3.90632791666667        2.70499625000000      -0.155890825868633     
   3.90632791666667        3.00532916666667      -0.146315180775140     
   3.90632791666667        3.30566208333333      -0.137486473354330     
   3.90632791666667        3.60599500000000      -0.129016364155610     
   3.90632791666667        3.90632791666667      -0.120858785805067     
   3.90632791666667        4.20666083333333      -0.113146223208142     
   3.90632791666667        4.50699375000000      -0.105963772598046     
   3.90632791666667        4.80732666666667      -9.923149274244583E-002
   3.90632791666667        5.10765958333333      -9.276285846964123E-002
   3.90632791666667        5.40799250000000      -8.641081149935180E-002
   3.90632791666667        5.70832541666667      -8.017145815380515E-002
   3.90632791666667        6.00865833333333      -7.416489568674101E-002
   3.90632791666667        6.30899125000000      -6.850003192237984E-002
   3.90632791666667        6.60932416666667      -6.356201175179833E-002
   3.90632791666667        6.90965708333333      -5.999237428787682E-002
   3.90632791666667        7.20999000000000      -5.719166626984432E-002
   4.20666083333333       2.000000000000000E-003 -0.269921185152155     
   4.20666083333333       0.302332916666667      -0.267673584393053     
   4.20666083333333       0.602665833333333      -0.256298923442683     
   4.20666083333333       0.902998750000000      -0.236091779571974     
   4.20666083333333        1.20333166666667      -0.213502825477723     
   4.20666083333333        1.50366458333333      -0.194116713551572     
   4.20666083333333        1.80399750000000      -0.178397831259892     
   4.20666083333333        2.10433041666667      -0.165640245090311     
   4.20666083333333        2.40466333333333      -0.155174723603288     
   4.20666083333333        2.70499625000000      -0.146288403823275     
   4.20666083333333        3.00532916666667      -0.138287905681505     
   4.20666083333333        3.30566208333333      -0.130659278663055     
   4.20666083333333        3.60599500000000      -0.123178359891748     
   4.20666083333333        3.90632791666667      -0.115875858835734     
   4.20666083333333        4.20666083333333      -0.108881517635412     
   4.20666083333333        4.50699375000000      -0.102258070347765     
   4.20666083333333        4.80732666666667      -9.593727098379064E-002
   4.20666083333333        5.10765958333333      -8.978622349845038E-002
   4.20666083333333        5.40799250000000      -8.372737226227674E-002
   4.20666083333333        5.70832541666667      -7.780759556497782E-002
   4.20666083333333        6.00865833333333      -7.216803004174339E-002
   4.20666083333333        6.30899125000000      -6.695152886549179E-002
   4.20666083333333        6.60932416666667      -6.242412377093118E-002
   4.20666083333333        6.90965708333333      -5.888704453809311E-002
   4.20666083333333        7.20999000000000      -5.595832841478219E-002
   4.50699375000000       2.000000000000000E-003 -0.214912593855398     
   4.50699375000000       0.302332916666667      -0.213786958417459     
   4.50699375000000       0.602665833333333      -0.208617554152246     
   4.50699375000000       0.902998750000000      -0.198221860880206     
   4.50699375000000        1.20333166666667      -0.184901513139003     
   4.50699375000000        1.50366458333333      -0.172108454529056     
   4.50699375000000        1.80399750000000      -0.161065491354144     
   4.50699375000000        2.10433041666667      -0.151834456193932     
   4.50699375000000        2.40466333333333      -0.144037007982553     
   4.50699375000000        2.70499625000000      -0.137123819037767     
   4.50699375000000        3.00532916666667      -0.130571388960968     
   4.50699375000000        3.30566208333333      -0.124041857071485     
   4.50699375000000        3.60599500000000      -0.117445046047043     
   4.50699375000000        3.90632791666667      -0.110873279586937     
   4.50699375000000        4.20666083333333      -0.104463133345324     
   4.50699375000000        4.50699375000000      -9.828168853338777E-002
   4.50699375000000        4.80732666666667      -9.229882894627367E-002
   4.50699375000000        5.10765958333333      -8.644659974405267E-002
   4.50699375000000        5.40799250000000      -8.070704366644903E-002
   4.50699375000000        5.70832541666667      -7.515266534077611E-002
   4.50699375000000        6.00865833333333      -6.991355235180582E-002
   4.50699375000000        6.30899125000000      -6.510839080538196E-002
   4.50699375000000        6.60932416666667      -6.084848601172031E-002
   4.50699375000000        6.90965708333333      -5.723923477221559E-002
   4.50699375000000        7.20999000000000      -5.404192825187090E-002
   4.80732666666667       2.000000000000000E-003 -0.176393555875913     
   4.80732666666667       0.302332916666667      -0.176165854187348     
   4.80732666666667       0.602665833333333      -0.174113258400831     
   4.80732666666667       0.902998750000000      -0.168501004732668     
   4.80732666666667        1.20333166666667      -0.160778142309942     
   4.80732666666667        1.50366458333333      -0.152822644304858     
   4.80732666666667        1.80399750000000      -0.145627151655834     
   4.80732666666667        2.10433041666667      -0.139400951447214     
   4.80732666666667        2.40466333333333      -0.133892233507300     
   4.80732666666667        2.70499625000000      -0.128671358421014     
   4.80732666666667        3.00532916666667      -0.123357126076777     
   4.80732666666667        3.30566208333333      -0.117755530810408     
   4.80732666666667        3.60599500000000      -0.111882512096089     
   4.80732666666667        3.90632791666667      -0.105883622135019     
   4.80732666666667        4.20666083333333      -9.991769929721149E-002
   4.80732666666667        4.50699375000000      -9.408030864829775E-002
   4.80732666666667        4.80732666666667      -8.839435844044558E-002
   4.80732666666667        5.10765958333333      -8.285394178076655E-002
   4.80732666666667        5.40799250000000      -7.748005718616545E-002
   4.80732666666667        5.70832541666667      -7.234021519417140E-002
   4.80732666666667        6.00865833333333      -6.752154174611665E-002
   4.80732666666667        6.30899125000000      -6.308836227018022E-002
   4.80732666666667        6.60932416666667      -5.906320024573918E-002
   4.80732666666667        6.90965708333333      -5.543019548765682E-002
   4.80732666666667        7.20999000000000      -5.209921797805148E-002
   5.10765958333333       2.000000000000000E-003 -0.150596494170819     
   5.10765958333333       0.302332916666667      -0.150197453503240     
   5.10765958333333       0.602665833333333      -0.148519180386946     
   5.10765958333333       0.902998750000000      -0.145592106913792     
   5.10765958333333        1.20333166666667      -0.141466380211718     
   5.10765958333333        1.50366458333333      -0.136948449004228     
   5.10765958333333        1.80399750000000      -0.132653774475946     
   5.10765958333333        2.10433041666667      -0.128729404373156     
   5.10765958333333        2.40466333333333      -0.124963882346068     
   5.10765958333333        2.70499625000000      -0.121018491649505     
   5.10765958333333        3.00532916666667      -0.116632031009956     
   5.10765958333333        3.30566208333333      -0.111725661728785     
   5.10765958333333        3.60599500000000      -0.106394873997824     
   5.10765958333333        3.90632791666667      -0.100826818038732     
   5.10765958333333        4.20666083333333      -9.520782934451852E-002
   5.10765958333333        4.50699375000000      -8.967099950926793E-002
   5.10765958333333        4.80732666666667      -8.429123071551209E-002
   5.10765958333333        5.10765958333333      -7.910969184324423E-002
   5.10765958333333        5.40799250000000      -7.416159790813012E-002
   5.10765958333333        5.70832541666667      -6.948409365898751E-002
   5.10765958333333        6.00865833333333      -6.510313228047127E-002
   5.10765958333333        6.30899125000000      -6.101995455778968E-002
   5.10765958333333        6.60932416666667      -5.721728517076879E-002
   5.10765958333333        6.90965708333333      -5.368768959376682E-002
   5.10765958333333        7.20999000000000      -5.039367277113006E-002
   5.40799250000000       2.000000000000000E-003 -0.132525577584576     
   5.40799250000000       0.302332916666667      -0.132017492520638     
   5.40799250000000       0.602665833333333      -0.130706143007868     
   5.40799250000000       0.902998750000000      -0.128826563641206     
   5.40799250000000        1.20333166666667      -0.126788634847861     
   5.40799250000000        1.50366458333333      -0.124623291053404     
   5.40799250000000        1.80399750000000      -0.122262966115787     
   5.40799250000000        2.10433041666667      -0.119820923074287     
   5.40799250000000        2.40466333333333      -0.117140284626009     
   5.40799250000000        2.70499625000000      -0.113973987895567     
   5.40799250000000        3.00532916666667      -0.110167631065552     
   5.40799250000000        3.30566208333333      -0.105731027942140     
   5.40799250000000        3.60599500000000      -0.100808049549564     
   5.40799250000000        3.90632791666667      -9.560098926407001E-002
   5.40799250000000        4.20666083333333      -9.030757599877511E-002
   5.40799250000000        4.50699375000000      -8.508963648332120E-002
   5.40799250000000        4.80732666666667      -8.006277779720308E-002
   5.40799250000000        5.10765958333333      -7.529710212193957E-002
   5.40799250000000        5.40799250000000      -7.082325685261362E-002
   5.40799250000000        5.70832541666667      -6.663720539812248E-002
   5.40799250000000        6.00865833333333      -6.270229593685005E-002
   5.40799250000000        6.30899125000000      -5.897266019014111E-002
   5.40799250000000        6.60932416666667      -5.543373054184647E-002
   5.40799250000000        6.90965708333333      -5.208330515818659E-002
   5.40799250000000        7.20999000000000      -4.893400760641101E-002
   5.70832541666667       2.000000000000000E-003 -0.121603209714401     
   5.70832541666667       0.302332916666667      -0.121049425380265     
   5.70832541666667       0.602665833333333      -0.119655967650520     
   5.70832541666667       0.902998750000000      -0.118010517933719     
   5.70832541666667        1.20333166666667      -0.116586152451649     
   5.70832541666667        1.50366458333333      -0.115391277381653     
   5.70832541666667        1.80399750000000      -0.113990138059400     
   5.70832541666667        2.10433041666667      -0.112216966915223     
   5.70832541666667        2.40466333333333      -0.109991921879175     
   5.70832541666667        2.70499625000000      -0.107158661480255     
   5.70832541666667        3.00532916666667      -0.103654809354285     
   5.70832541666667        3.30566208333333      -9.955474057102422E-002
   5.70832541666667        3.60599500000000      -9.501468957576342E-002
   5.70832541666667        3.90632791666667      -9.020264198567739E-002
   5.70832541666667        4.20666083333333      -8.528667218077836E-002
   5.70832541666667        4.50699375000000      -8.043976327818363E-002
   5.70832541666667        4.80732666666667      -7.580968075780113E-002
   5.70832541666667        5.10765958333333      -7.148574496896667E-002
   5.70832541666667        5.40799250000000      -6.748954961065959E-002
   5.70832541666667        5.70832541666667      -6.378526118211351E-002
   5.70832541666667        6.00865833333333      -6.029819795788749E-002
   5.70832541666667        6.30899125000000      -5.695735223468001E-002
   5.70832541666667        6.60932416666667      -5.372068793929793E-002
   5.70832541666667        6.90965708333333      -5.059046121206941E-002
   5.70832541666667        7.20999000000000      -4.760986821679305E-002
   6.00865833333333       2.000000000000000E-003 -0.115418866373636     
   6.00865833333333       0.302332916666667      -0.114661341022973     
   6.00865833333333       0.602665833333333      -0.112798552676512     
   6.00865833333333       0.902998750000000      -0.110754422467406     
   6.00865833333333        1.20333166666667      -0.109188478012693     
   6.00865833333333        1.50366458333333      -0.108096525320569     
   6.00865833333333        1.80399750000000      -0.106940272705142     
   6.00865833333333        2.10433041666667      -0.105219184573337     
   6.00865833333333        2.40466333333333      -0.103012217555925     
   6.00865833333333        2.70499625000000      -0.100233975344422     
   6.00865833333333        3.00532916666667      -9.688842981909147E-002
   6.00865833333333        3.30566208333333      -9.311363776500597E-002
   6.00865833333333        3.60599500000000      -8.907073187350067E-002
   6.00865833333333        3.90632791666667      -8.480135636738949E-002
   6.00865833333333        4.20666083333333      -8.034866214748297E-002
   6.00865833333333        4.50699375000000      -7.590144661932154E-002
   6.00865833333333        4.80732666666667      -7.165971670617802E-002
   6.00865833333333        5.10765958333333      -6.773631739203194E-002
   6.00865833333333        5.40799250000000      -6.415336283670804E-002
   6.00865833333333        5.70832541666667      -6.089961617751272E-002
   6.00865833333333        6.00865833333333      -5.787248108353698E-002
   6.00865833333333        6.30899125000000      -5.493799459655539E-002
   6.00865833333333        6.60932416666667      -5.200507240144903E-002
   6.00865833333333        6.90965708333333      -4.907897314295260E-002
   6.00865833333333        7.20999000000000      -4.625944371531601E-002
   6.30899125000000       2.000000000000000E-003 -0.110237790553921     
   6.30899125000000       0.302332916666667      -0.109293115216461     
   6.30899125000000       0.602665833333333      -0.107012345721606     
   6.30899125000000       0.902998750000000      -0.104523763802838     
   6.30899125000000        1.20333166666667      -0.102631224927835     
   6.30899125000000        1.50366458333333      -0.101334785963110     
   6.30899125000000        1.80399750000000      -0.100080252999413     
   6.30899125000000        2.10433041666667      -9.826343239381492E-002
   6.30899125000000        2.40466333333333      -9.592068934593818E-002
   6.30899125000000        2.70499625000000      -9.310345490468287E-002
   6.30899125000000        3.00532916666667      -8.981328241735917E-002
   6.30899125000000        3.30566208333333      -8.639279335822597E-002
   6.30899125000000        3.60599500000000      -8.309214436810088E-002
   6.30899125000000        3.90632791666667      -7.964413618484058E-002
   6.30899125000000        4.20666083333333      -7.577303223365754E-002
   6.30899125000000        4.50699375000000      -7.167445464879729E-002
   6.30899125000000        4.80732666666667      -6.773035751880120E-002
   6.30899125000000        5.10765958333333      -6.409244247564461E-002
   6.30899125000000        5.40799250000000      -6.083644730715992E-002
   6.30899125000000        5.70832541666667      -5.800581042587863E-002
   6.30899125000000        6.00865833333333      -5.543325268170454E-002
   6.30899125000000        6.30899125000000      -5.289195504483588E-002
   6.30899125000000        6.60932416666667      -5.019419623723829E-002
   6.30899125000000        6.90965708333333      -4.736701119973403E-002
   6.30899125000000        7.20999000000000      -4.468121856056424E-002
   6.60932416666667       2.000000000000000E-003 -0.102876365597662     
   6.60932416666667       0.302332916666667      -0.101709982312525     
   6.60932416666667       0.602665833333333      -9.962907091131859E-002
   6.60932416666667       0.902998750000000      -9.750893204792013E-002
   6.60932416666667        1.20333166666667      -9.573907595688137E-002
   6.60932416666667        1.50366458333333      -9.438545971118122E-002
   6.60932416666667        1.80399750000000      -9.302750915433157E-002
   6.60932416666667        2.10433041666667      -9.119840654379636E-002
   6.60932416666667        2.40466333333333      -8.882216695612478E-002
   6.60932416666667        2.70499625000000      -8.595248691699248E-002
   6.60932416666667        3.00532916666667      -8.268677224736247E-002
   6.60932416666667        3.30566208333333      -7.981240243274593E-002
   6.60932416666667        3.60599500000000      -7.767278950624666E-002
   6.60932416666667        3.90632791666667      -7.525334948015017E-002
   6.60932416666667        4.20666083333333      -7.187129258434971E-002
   6.60932416666667        4.50699375000000      -6.790626567474498E-002
   6.60932416666667        4.80732666666667      -6.406977837914186E-002
   6.60932416666667        5.10765958333333      -6.057177067839886E-002
   6.60932416666667        5.40799250000000      -5.759071696749734E-002
   6.60932416666667        5.70832541666667      -5.513944277159840E-002
   6.60932416666667        6.00865833333333      -5.301104267742987E-002
   6.60932416666667        6.30899125000000      -5.086046282470635E-002
   6.60932416666667        6.60932416666667      -4.830265371191109E-002
   6.60932416666667        6.90965708333333      -4.540488963911171E-002
   6.60932416666667        7.20999000000000      -4.287770574353954E-002
   6.90965708333333       2.000000000000000E-003 -9.818586310864134E-002
   6.90965708333333       0.302332916666667      -9.413120800074115E-002
   6.90965708333333       0.602665833333333      -9.120068570718078E-002
   6.90965708333333       0.902998750000000      -8.984538799773362E-002
   6.90965708333333        1.20333166666667      -8.856535366112626E-002
   6.90965708333333        1.50366458333333      -8.737220459607078E-002
   6.90965708333333        1.80399750000000      -8.604496893170124E-002
   6.90965708333333        2.10433041666667      -8.430405299415430E-002
   6.90965708333333        2.40466333333333      -8.211936510592978E-002
   6.90965708333333        2.70499625000000      -7.938665399091654E-002
   6.90965708333333        3.00532916666667      -7.649254138214297E-002
   6.90965708333333        3.30566208333333      -7.470180969193260E-002
   6.90965708333333        3.60599500000000      -7.405973302801569E-002
   6.90965708333333        3.90632791666667      -7.202814538534734E-002
   6.90965708333333        4.20666083333333      -6.870872796231814E-002
   6.90965708333333        4.50699375000000      -6.458366120186405E-002
   6.90965708333333        4.80732666666667      -6.062368302211874E-002
   6.90965708333333        5.10765958333333      -5.719978248759545E-002
   6.90965708333333        5.40799250000000      -5.442876958849193E-002
   6.90965708333333        5.70832541666667      -5.230839703240605E-002
   6.90965708333333        6.00865833333333      -5.060933663035892E-002
   6.90965708333333        6.30899125000000      -4.893239001515495E-002
   6.90965708333333        6.60932416666667      -4.672680567138776E-002
   6.90965708333333        6.90965708333333      -4.402186438333355E-002
   6.90965708333333        7.20999000000000      -4.191639130609903E-002
   7.20999000000000       2.000000000000000E-003 -9.453927967399064E-002
   7.20999000000000       0.302332916666667      -9.077239046489211E-002
   7.20999000000000       0.602665833333333      -8.577805710960444E-002
   7.20999000000000       0.902998750000000      -8.341533685424184E-002
   7.20999000000000        1.20333166666667      -8.198405111526808E-002
   7.20999000000000        1.50366458333333      -8.082816990221858E-002
   7.20999000000000        1.80399750000000      -7.958145826363675E-002
   7.20999000000000        2.10433041666667      -7.803438365392151E-002
   7.20999000000000        2.40466333333333      -7.621123570300953E-002
   7.20999000000000        2.70499625000000      -7.405115112076278E-002
   7.20999000000000        3.00532916666667      -7.213912383712906E-002
   7.20999000000000        3.30566208333333      -7.162985741863546E-002
   7.20999000000000        3.60599500000000      -7.102550414857267E-002
   7.20999000000000        3.90632791666667      -6.865813972263383E-002
   7.20999000000000        4.20666083333333      -6.558036772881085E-002
   7.20999000000000        4.50699375000000      -6.130640715566757E-002
   7.20999000000000        4.80732666666667      -5.726219962987560E-002
   7.20999000000000        5.10765958333333      -5.391755649180636E-002
   7.20999000000000        5.40799250000000      -5.134608926778925E-002
   7.20999000000000        5.70832541666667      -4.947929601980654E-002
   7.20999000000000        6.00865833333333      -4.811228735727017E-002
   7.20999000000000        6.30899125000000      -4.690166300466756E-002
   7.20999000000000        6.60932416666667      -4.542427921072494E-002
   7.20999000000000        6.90965708333333      -4.359055839888009E-002
   7.20999000000000        7.20999000000000      -4.132678798914262E-002
