  2.000000000000000E-003  2.000000000000000E-003 -0.111744940237201     
  2.000000000000000E-003  0.302332916666667      -0.114782036571757     
  2.000000000000000E-003  0.602665833333333      -0.117956647762574     
  2.000000000000000E-003  0.902998750000000      -0.122553497530503     
  2.000000000000000E-003   1.20333166666667      -0.126703727599491     
  2.000000000000000E-003   1.50366458333333      -0.130597933361739     
  2.000000000000000E-003   1.80399750000000      -0.134755336244425     
  2.000000000000000E-003   2.10433041666667      -0.139566221249742     
  2.000000000000000E-003   2.40466333333333      -0.145302036039658     
  2.000000000000000E-003   2.70499625000000      -0.151926073210841     
  2.000000000000000E-003   3.00532916666667      -0.158357967134659     
  2.000000000000000E-003   3.30566208333333      -0.161879451383814     
  2.000000000000000E-003   3.60599500000000      -0.163246771589845     
  2.000000000000000E-003   3.90632791666667      -0.161874069777106     
  2.000000000000000E-003   4.20666083333333      -0.158347773320099     
  2.000000000000000E-003   4.50699375000000      -0.151912410409951     
  2.000000000000000E-003   4.80732666666667      -0.145286016542650     
  2.000000000000000E-003   5.10765958333333      -0.139548113046309     
  2.000000000000000E-003   5.40799250000000      -0.134735989744643     
  2.000000000000000E-003   5.70832541666667      -0.130578649550664     
  2.000000000000000E-003   6.00865833333333      -0.126685849457277     
  2.000000000000000E-003   6.30899125000000      -0.122538035969651     
  2.000000000000000E-003   6.60932416666667      -0.117943077862434     
  2.000000000000000E-003   6.90965708333333      -0.114765926135372     
  2.000000000000000E-003   7.20999000000000      -0.111724510545050     
  0.302332916666667       2.000000000000000E-003 -0.114781202200451     
  0.302332916666667       0.302332916666667      -0.117882965266695     
  0.302332916666667       0.602665833333333      -0.124319865290581     
  0.302332916666667       0.902998750000000      -0.131424822915942     
  0.302332916666667        1.20333166666667      -0.137209655045939     
  0.302332916666667        1.50366458333333      -0.142355718909195     
  0.302332916666667        1.80399750000000      -0.147561809703166     
  0.302332916666667        2.10433041666667      -0.153192159045829     
  0.302332916666667        2.40466333333333      -0.159186851991584     
  0.302332916666667        2.70499625000000      -0.164944481676220     
  0.302332916666667        3.00532916666667      -0.169078734493763     
  0.302332916666667        3.30566208333333      -0.169873935464309     
  0.302332916666667        3.60599500000000      -0.169336602375205     
  0.302332916666667        3.90632791666667      -0.169860524783491     
  0.302332916666667        4.20666083333333      -0.169061431164784     
  0.302332916666667        4.50699375000000      -0.164927058697167     
  0.302332916666667        4.80732666666667      -0.159170036631616     
  0.302332916666667        5.10765958333333      -0.153175063576061     
  0.302332916666667        5.40799250000000      -0.147544367000362     
  0.302332916666667        5.70832541666667      -0.142338848846618     
  0.302332916666667        6.00865833333333      -0.137194464329316     
  0.302332916666667        6.30899125000000      -0.131412393044954     
  0.302332916666667        6.60932416666667      -0.124310276782946     
  0.302332916666667        6.90965708333333      -0.117872815039247     
  0.302332916666667        7.20999000000000      -0.114764125828373     
  0.602665833333333       2.000000000000000E-003 -0.117955464060990     
  0.602665833333333       0.302332916666667      -0.124319417692617     
  0.602665833333333       0.602665833333333      -0.132473077626188     
  0.602665833333333       0.902998750000000      -0.140823281216400     
  0.602665833333333        1.20333166666667      -0.148157367368671     
  0.602665833333333        1.50366458333333      -0.154888106319995     
  0.602665833333333        1.80399750000000      -0.161545428864881     
  0.602665833333333        2.10433041666667      -0.168383721319119     
  0.602665833333333        2.40466333333333      -0.175187137682887     
  0.602665833333333        2.70499625000000      -0.180934308205261     
  0.602665833333333        3.00532916666667      -0.184219936401347     
  0.602665833333333        3.30566208333333      -0.184153124022792     
  0.602665833333333        3.60599500000000      -0.183237631986486     
  0.602665833333333        3.90632791666667      -0.184141085830303     
  0.602665833333333        4.20666083333333      -0.184203253037430     
  0.602665833333333        4.50699375000000      -0.180917838971533     
  0.602665833333333        4.80732666666667      -0.175172302657768     
  0.602665833333333        5.10765958333333      -0.168369152681384     
  0.602665833333333        5.40799250000000      -0.161530912544034     
  0.602665833333333        5.70832541666667      -0.154874207246488     
  0.602665833333333        6.00865833333333      -0.148144873962725     
  0.602665833333333        6.30899125000000      -0.140812966896289     
  0.602665833333333        6.60932416666667      -0.132464584660763     
  0.602665833333333        6.90965708333333      -0.124309042813686     
  0.602665833333333        7.20999000000000      -0.117940124443105     
  0.902998750000000       2.000000000000000E-003 -0.122552012608135     
  0.902998750000000       0.302332916666667      -0.131423621760471     
  0.902998750000000       0.602665833333333      -0.140822490744806     
  0.902998750000000       0.902998750000000      -0.150294251549961     
  0.902998750000000        1.20333166666667      -0.159354405534056     
  0.902998750000000        1.50366458333333      -0.168085785033651     
  0.902998750000000        1.80399750000000      -0.176734964309576     
  0.902998750000000        2.10433041666667      -0.185444436860597     
  0.902998750000000        2.40466333333333      -0.193982596369587     
  0.902998750000000        2.70499625000000      -0.201445353474814     
  0.902998750000000        3.00532916666667      -0.206605222216643     
  0.902998750000000        3.30566208333333      -0.208874195872268     
  0.902998750000000        3.60599500000000      -0.209299828096202     
  0.902998750000000        3.90632791666667      -0.208866314765681     
  0.902998750000000        4.20666083333333      -0.206593398074665     
  0.902998750000000        4.50699375000000      -0.201433349734574     
  0.902998750000000        4.80732666666667      -0.193971434996874     
  0.902998750000000        5.10765958333333      -0.185433554955274     
  0.902998750000000        5.40799250000000      -0.176723978918893     
  0.902998750000000        5.70832541666667      -0.168074899598860     
  0.902998750000000        6.00865833333333      -0.159343838753805     
  0.902998750000000        6.30899125000000      -0.150284053932117     
  0.902998750000000        6.60932416666667      -0.140811775881699     
  0.902998750000000        6.90965708333333      -0.131410058046867     
  0.902998750000000        7.20999000000000      -0.122534346080157     
   1.20333166666667       2.000000000000000E-003 -0.126701717456049     
   1.20333166666667       0.302332916666667      -0.137207646169805     
   1.20333166666667       0.602665833333333      -0.148155681390048     
   1.20333166666667       0.902998750000000      -0.159353496668039     
   1.20333166666667        1.20333166666667      -0.170572178472166     
   1.20333166666667        1.50366458333333      -0.181754247058902     
   1.20333166666667        1.80399750000000      -0.192937270020969     
   1.20333166666667        2.10433041666667      -0.204217855062048     
   1.20333166666667        2.40466333333333      -0.215290409273210     
   1.20333166666667        2.70499625000000      -0.225249797465975     
   1.20333166666667        3.00532916666667      -0.233064389469171     
   1.20333166666667        3.30566208333333      -0.237891602146985     
   1.20333166666667        3.60599500000000      -0.239475767788733     
   1.20333166666667        3.90632791666667      -0.237887242886981     
   1.20333166666667        4.20666083333333      -0.233057565340480     
   1.20333166666667        4.50699375000000      -0.225242428217610     
   1.20333166666667        4.80732666666667      -0.215283315031436     
   1.20333166666667        5.10765958333333      -0.204210925241037     
   1.20333166666667        5.40799250000000      -0.192929958063945     
   1.20333166666667        5.70832541666667      -0.181746160564767     
   1.20333166666667        6.00865833333333      -0.170562995562118     
   1.20333166666667        6.30899125000000      -0.159342783256598     
   1.20333166666667        6.60932416666667      -0.148142641227214     
   1.20333166666667        6.90965708333333      -0.137191176686679     
   1.20333166666667        7.20999000000000      -0.126681384485984     
   1.50366458333333       2.000000000000000E-003 -0.130595327450425     
   1.50366458333333       0.302332916666667      -0.142353004142683     
   1.50366458333333       0.602665833333333      -0.154885741311529     
   1.50366458333333       0.902998750000000      -0.168084304289825     
   1.50366458333333        1.20333166666667      -0.181753793455572     
   1.50366458333333        1.50366458333333      -0.195704665305943     
   1.50366458333333        1.80399750000000      -0.209877501046660     
   1.50366458333333        2.10433041666667      -0.224269258034748     
   1.50366458333333        2.40466333333333      -0.238265195093435     
   1.50366458333333        2.70499625000000      -0.250927914361311     
   1.50366458333333        3.00532916666667      -0.261127684255288     
   1.50366458333333        3.30566208333333      -0.267762406108345     
   1.50366458333333        3.60599500000000      -0.270061573355982     
   1.50366458333333        3.90632791666667      -0.267760200118027     
   1.50366458333333        4.20666083333333      -0.261124200414844     
   1.50366458333333        4.50699375000000      -0.250924177615995     
   1.50366458333333        4.80732666666667      -0.238261727060161     
   1.50366458333333        5.10765958333333      -0.224265857384357     
   1.50366458333333        5.40799250000000      -0.209873413572895     
   1.50366458333333        5.70832541666667      -0.195698976249798     
   1.50366458333333        6.00865833333333      -0.181745745036072     
   1.50366458333333        6.30899125000000      -0.168073310463642     
   1.50366458333333        6.60932416666667      -0.154871343764673     
   1.50366458333333        6.90965708333333      -0.142334872130835     
   1.50366458333333        7.20999000000000      -0.130573539875768     
   1.80399750000000       2.000000000000000E-003 -0.134752172575057     
   1.80399750000000       0.302332916666667      -0.147558554810442     
   1.80399750000000       0.602665833333333      -0.161542792133594     
   1.80399750000000       0.902998750000000      -0.176733625467077     
   1.80399750000000        1.20333166666667      -0.192937382748563     
   1.80399750000000        1.50366458333333      -0.209878323798370     
   1.80399750000000        1.80399750000000      -0.227373912591330     
   1.80399750000000        2.10433041666667      -0.244939782944880     
   1.80399750000000        2.40466333333333      -0.261831376387668     
   1.80399750000000        2.70499625000000      -0.277039826768964     
   1.80399750000000        3.00532916666667      -0.289309840865415     
   1.80399750000000        3.30566208333333      -0.297339288185847     
   1.80399750000000        3.60599500000000      -0.300137739367931     
   1.80399750000000        3.90632791666667      -0.297338361008079     
   1.80399750000000        4.20666083333333      -0.289308478353986     
   1.80399750000000        4.50699375000000      -0.277038683474144     
   1.80399750000000        4.80732666666667      -0.261830648155615     
   1.80399750000000        5.10765958333333      -0.244939015357774     
   1.80399750000000        5.40799250000000      -0.227372132353548     
   1.80399750000000        5.70832541666667      -0.209874363094619     
   1.80399750000000        6.00865833333333      -0.192930243690347     
   1.80399750000000        6.30899125000000      -0.176722688500390     
   1.80399750000000        6.60932416666667      -0.161527949062673     
   1.80399750000000        6.90965708333333      -0.147540045987621     
   1.80399750000000        7.20999000000000      -0.134730527244735     
   2.10433041666667       2.000000000000000E-003 -0.139562479126278     
   2.10433041666667       0.302332916666667      -0.153188447041133     
   2.10433041666667       0.602665833333333      -0.168381194834573     
   2.10433041666667       0.902998750000000      -0.185444082617819     
   2.10433041666667        1.20333166666667      -0.204219747151385     
   2.10433041666667        1.50366458333333      -0.224272387153198     
   2.10433041666667        1.80399750000000      -0.244942346116352     
   2.10433041666667        2.10433041666667      -0.265448677269116     
   2.10433041666667        2.40466333333333      -0.284905514331679     
   2.10433041666667        2.70499625000000      -0.302236659134668     
   2.10433041666667        3.00532916666667      -0.316124851983051     
   2.10433041666667        3.30566208333333      -0.325177558483463     
   2.10433041666667        3.60599500000000      -0.328325918548000     
   2.10433041666667        3.90632791666667      -0.325177333788447     
   2.10433041666667        4.20666083333333      -0.316124779102441     
   2.10433041666667        4.50699375000000      -0.302237039917514     
   2.10433041666667        4.80732666666667      -0.284906312065778     
   2.10433041666667        5.10765958333333      -0.265449310503563     
   2.10433041666667        5.40799250000000      -0.244941738112346     
   2.10433041666667        5.70832541666667      -0.224269291289031     
   2.10433041666667        6.00865833333333      -0.204213184154060     
   2.10433041666667        6.30899125000000      -0.185433480259320     
   2.10433041666667        6.60932416666667      -0.168366578096105     
   2.10433041666667        6.90965708333333      -0.153170629825426     
   2.10433041666667        7.20999000000000      -0.139542508088358     
   2.40466333333333       2.000000000000000E-003 -0.145297422798085     
   2.40466333333333       0.302332916666667      -0.159182273470271     
   2.40466333333333       0.602665833333333      -0.175184575332248     
   2.40466333333333       0.902998750000000      -0.193983493366228     
   2.40466333333333        1.20333166666667      -0.215294839638532     
   2.40466333333333        1.50366458333333      -0.238271803021821     
   2.40466333333333        1.80399750000000      -0.261837900217711     
   2.40466333333333        2.10433041666667      -0.284909605859861     
   2.40466333333333        2.40466333333333      -0.306446081101440     
   2.40466333333333        2.70499625000000      -0.325341086617446     
   2.40466333333333        3.00532916666667      -0.340312384101967     
   2.40466333333333        3.30566208333333      -0.349999370264215     
   2.40466333333333        3.60599500000000      -0.353354617783593     
   2.40466333333333        3.90632791666667      -0.349999535292676     
   2.40466333333333        4.20666083333333      -0.340312789957596     
   2.40466333333333        4.50699375000000      -0.325342001096703     
   2.40466333333333        4.80732666666667      -0.306447329122813     
   2.40466333333333        5.10765958333333      -0.284910520083376     
   2.40466333333333        5.40799250000000      -0.261837452917271     
   2.40466333333333        5.70832541666667      -0.238268795044099     
   2.40466333333333        6.00865833333333      -0.215288328944134     
   2.40466333333333        6.30899125000000      -0.193972894808582     
   2.40466333333333        6.60932416666667      -0.175170057359442     
   2.40466333333333        6.90965708333333      -0.159165192845160     
   2.40466333333333        7.20999000000000      -0.145280147547786     
   2.70499625000000       2.000000000000000E-003 -0.151920009198193     
   2.70499625000000       0.302332916666667      -0.164937891211487     
   2.70499625000000       0.602665833333333      -0.180930406478419     
   2.70499625000000       0.902998750000000      -0.201446898740339     
   2.70499625000000        1.20333166666667      -0.225256875644538     
   2.70499625000000        1.50366458333333      -0.250938476813116     
   2.70499625000000        1.80399750000000      -0.277050910783791     
   2.70499625000000        2.10433041666667      -0.302245436187331     
   2.70499625000000        2.40466333333333      -0.325345717767346     
   2.70499625000000        2.70499625000000      -0.345250580394611     
   2.70499625000000        3.00532916666667      -0.360807040385963     
   2.70499625000000        3.30566208333333      -0.370807889008539     
   2.70499625000000        3.60599500000000      -0.374267802393886     
   2.70499625000000        3.90632791666667      -0.370808063091943     
   2.70499625000000        4.20666083333333      -0.360807475419483     
   2.70499625000000        4.50699375000000      -0.345251404430024     
   2.70499625000000        4.80732666666667      -0.325346705447579     
   2.70499625000000        5.10765958333333      -0.302246021284522     
   2.70499625000000        5.40799250000000      -0.277050159722443     
   2.70499625000000        5.70832541666667      -0.250935345740961     
   2.70499625000000        6.00865833333333      -0.225250304349883     
   2.70499625000000        6.30899125000000      -0.201435798039000     
   2.70499625000000        6.60932416666667      -0.180914688222771     
   2.70499625000000        6.90965708333333      -0.164920680520312     
   2.70499625000000        7.20999000000000      -0.151905730365765     
   3.00532916666667       2.000000000000000E-003 -0.158349642535562     
   3.00532916666667       0.302332916666667      -0.169068572569955     
   3.00532916666667       0.602665833333333      -0.184212882865037     
   3.00532916666667       0.902998750000000      -0.206606024566005     
   3.00532916666667        1.20333166666667      -0.233073434328223     
   3.00532916666667        1.50366458333333      -0.261141787758727     
   3.00532916666667        1.80399750000000      -0.289325090243155     
   3.00532916666667        2.10433041666667      -0.316137853773584     
   3.00532916666667        2.40466333333333      -0.340321081291278     
   3.00532916666667        2.70499625000000      -0.360810980682471     
   3.00532916666667        3.00532916666667      -0.376646996500987     
   3.00532916666667        3.30566208333333      -0.386835360631841     
   3.00532916666667        3.60599500000000      -0.390386415555746     
   3.00532916666667        3.90632791666667      -0.386835420053021     
   3.00532916666667        4.20666083333333      -0.376647241556479     
   3.00532916666667        4.50699375000000      -0.360811438593858     
   3.00532916666667        4.80732666666667      -0.340321555972422     
   3.00532916666667        5.10765958333333      -0.316137983943098     
   3.00532916666667        5.40799250000000      -0.289324175924229     
   3.00532916666667        5.70832541666667      -0.261139039964531     
   3.00532916666667        6.00865833333333      -0.233067608332476     
   3.00532916666667        6.30899125000000      -0.206595444291697     
   3.00532916666667        6.60932416666667      -0.184197393133534     
   3.00532916666667        6.90965708333333      -0.169051962036472     
   3.00532916666667        7.20999000000000      -0.158339514553277     
   3.30566208333333       2.000000000000000E-003 -0.161868528128939     
   3.30566208333333       0.302332916666667      -0.169859310950217     
   3.30566208333333       0.602665833333333      -0.184141727874604     
   3.30566208333333       0.902998750000000      -0.208873286869382     
   3.30566208333333        1.20333166666667      -0.237901524099640     
   3.30566208333333        1.50366458333333      -0.267778893959659     
   3.30566208333333        1.80399750000000      -0.297357426459633     
   3.30566208333333        2.10433041666667      -0.325193457734852     
   3.30566208333333        2.40466333333333      -0.350010783296407     
   3.30566208333333        2.70499625000000      -0.370814375593476     
   3.30566208333333        3.00532916666667      -0.386837832695985     
   3.30566208333333        3.30566208333333      -0.397262704421824     
   3.30566208333333        3.60599500000000      -0.400962374046919     
   3.30566208333333        3.90632791666667      -0.397262759204735     
   3.30566208333333        4.20666083333333      -0.386837924722814     
   3.30566208333333        4.50699375000000      -0.370814522059705     
   3.30566208333333        4.80732666666667      -0.350010995958233     
   3.30566208333333        5.10765958333333      -0.325193463965851     
   3.30566208333333        5.40799250000000      -0.297356968231743     
   3.30566208333333        5.70832541666667      -0.267777484742085     
   3.30566208333333        6.00865833333333      -0.237898272134643     
   3.30566208333333        6.30899125000000      -0.208866876690661     
   3.30566208333333        6.60932416666667      -0.184131298748345     
   3.30566208333333        6.90965708333333      -0.169847098836646     
   3.30566208333333        7.20999000000000      -0.161864010042063     
   3.60599500000000       2.000000000000000E-003 -0.163235110428704     
   3.60599500000000       0.302332916666667      -0.169319898103495     
   3.60599500000000       0.602665833333333      -0.183224039520109     
   3.60599500000000       0.902998750000000      -0.209298014166431     
   3.60599500000000        1.20333166666667      -0.239485904188959     
   3.60599500000000        1.50366458333333      -0.270078912922198     
   3.60599500000000        1.80399750000000      -0.300156926646747     
   3.60599500000000        2.10433041666667      -0.328342860885055     
   3.60599500000000        2.40466333333333      -0.353366991128986     
   3.60599500000000        2.70499625000000      -0.374275168805930     
   3.60599500000000        3.00532916666667      -0.390389723578216     
   3.60599500000000        3.30566208333333      -0.400963198422890     
   3.60599500000000        3.60599500000000      -0.404762532441681     
   3.60599500000000        3.90632791666667      -0.400963113925054     
   3.60599500000000        4.20666083333333      -0.390389652497092     
   3.60599500000000        4.50699375000000      -0.374275060196034     
   3.60599500000000        4.80732666666667      -0.353367000189646     
   3.60599500000000        5.10765958333333      -0.328343058460958     
   3.60599500000000        5.40799250000000      -0.300157382713258     
   3.60599500000000        5.70832541666667      -0.270079682588816     
   3.60599500000000        6.00865833333333      -0.239486986436608     
   3.60599500000000        6.30899125000000      -0.209299406270912     
   3.60599500000000        6.60932416666667      -0.183225544741452     
   3.60599500000000        6.90965708333333      -0.169321067925335     
   3.60599500000000        7.20999000000000      -0.163236469393250     
   3.90632791666667       2.000000000000000E-003 -0.161863132945832     
   3.90632791666667       0.302332916666667      -0.169846028411478     
   3.90632791666667       0.602665833333333      -0.184129858595414     
   3.90632791666667       0.902998750000000      -0.208865555717680     
   3.90632791666667        1.20333166666667      -0.237897272842502     
   3.90632791666667        1.50366458333333      -0.267776767315543     
   3.90632791666667        1.80399750000000      -0.297356566307661     
   3.90632791666667        2.10433041666667      -0.325193289744195     
   3.90632791666667        2.40466333333333      -0.350010994471136     
   3.90632791666667        2.70499625000000      -0.370814586440099     
   3.90632791666667        3.00532916666667      -0.386837922548039     
   3.90632791666667        3.30566208333333      -0.397262787044302     
   3.90632791666667        3.60599500000000      -0.400962317428400     
   3.90632791666667        3.90632791666667      -0.397262746335714     
   3.90632791666667        4.20666083333333      -0.386837788269899     
   3.90632791666667        4.50699375000000      -0.370814337104991     
   3.90632791666667        4.80732666666667      -0.350010883674595     
   3.90632791666667        5.10765958333333      -0.325193705044408     
   3.90632791666667        5.40799250000000      -0.297357890382471     
   3.90632791666667        5.70832541666667      -0.267779651440523     
   3.90632791666667        6.00865833333333      -0.237902507421922     
   3.90632791666667        6.30899125000000      -0.208874489000528     
   3.90632791666667        6.60932416666667      -0.184142919712201     
   3.90632791666667        6.90965708333333      -0.169860218895780     
   3.90632791666667        7.20999000000000      -0.161869387060403     
   4.20666083333333       2.000000000000000E-003 -0.158339440577613     
   4.20666083333333       0.302332916666667      -0.169051402306725     
   4.20666083333333       0.602665833333333      -0.184196424071027     
   4.20666083333333       0.902998750000000      -0.206594424550156     
   4.20666083333333        1.20333166666667      -0.233066781259240     
   4.20666083333333        1.50366458333333      -0.261138443394207     
   4.20666083333333        1.80399750000000      -0.289323847406878     
   4.20666083333333        2.10433041666667      -0.316137880738021     
   4.20666083333333        2.40466333333333      -0.340321566462332     
   4.20666083333333        2.70499625000000      -0.360811477511635     
   4.20666083333333        3.00532916666667      -0.376647292674801     
   4.20666083333333        3.30566208333333      -0.386835501149102     
   4.20666083333333        3.60599500000000      -0.390386395943259     
   4.20666083333333        3.90632791666667      -0.386835340337236     
   4.20666083333333        4.20666083333333      -0.376646942414787     
   4.20666083333333        4.50699375000000      -0.360810969330775     
   4.20666083333333        4.80732666666667      -0.340321142669259     
   4.20666083333333        5.10765958333333      -0.316138114156604     
   4.20666083333333        5.40799250000000      -0.289325534433198     
   4.20666083333333        5.70832541666667      -0.261142460490356     
   4.20666083333333        6.00865833333333      -0.233074256384362     
   4.20666083333333        6.30899125000000      -0.206606916305678     
   4.20666083333333        6.60932416666667      -0.184213663505631     
   4.20666083333333        6.90965708333333      -0.169069086364655     
   4.20666083333333        7.20999000000000      -0.158349899864123     
   4.50699375000000       2.000000000000000E-003 -0.151906433981622     
   4.50699375000000       0.302332916666667      -0.164920637820868     
   4.50699375000000       0.602665833333333      -0.180914174488155     
   4.50699375000000       0.902998750000000      -0.201435126522181     
   4.50699375000000        1.20333166666667      -0.225249705821628     
   4.50699375000000        1.50366458333333      -0.250934914842910     
   4.50699375000000        1.80399750000000      -0.277049916851070     
   4.50699375000000        2.10433041666667      -0.302245937123423     
   4.50699375000000        2.40466333333333      -0.325346722810443     
   4.50699375000000        2.70499625000000      -0.345251471668627     
   4.50699375000000        3.00532916666667      -0.360807554132562     
   4.50699375000000        3.30566208333333      -0.370808093112578     
   4.50699375000000        3.60599500000000      -0.374267762216751     
   4.50699375000000        3.90632791666667      -0.370807893478709     
   4.50699375000000        4.20666083333333      -0.360807049003540     
   4.50699375000000        4.50699375000000      -0.345250662272473     
   4.50699375000000        4.80732666666667      -0.325345889778359     
   4.50699375000000        5.10765958333333      -0.302245677729918     
   4.50699375000000        5.40799250000000      -0.277051329671273     
   4.50699375000000        5.70832541666667      -0.250939019088430     
   4.50699375000000        6.00865833333333      -0.225257512263332     
   4.50699375000000        6.30899125000000      -0.201447533229955     
   4.50699375000000        6.60932416666667      -0.180930840253137     
   4.50699375000000        6.90965708333333      -0.164937964587531     
   4.50699375000000        7.20999000000000      -0.151919505721590     
   4.80732666666667       2.000000000000000E-003 -0.145281613069974     
   4.80732666666667       0.302332916666667      -0.159165687735463     
   4.80732666666667       0.602665833333333      -0.175169980824311     
   4.80732666666667       0.902998750000000      -0.193972565254506     
   4.80732666666667        1.20333166666667      -0.215287960471905     
   4.80732666666667        1.50366458333333      -0.238268523865166     
   4.80732666666667        1.80399750000000      -0.261837326525351     
   4.80732666666667        2.10433041666667      -0.284910518493818     
   4.80732666666667        2.40466333333333      -0.306447406490866     
   4.80732666666667        2.70499625000000      -0.325342125636075     
   4.80732666666667        3.00532916666667      -0.340312902510481     
   4.80732666666667        3.30566208333333      -0.349999638115041     
   4.80732666666667        3.60599500000000      -0.353354705896963     
   4.80732666666667        3.90632791666667      -0.349999528013219     
   4.80732666666667        4.20666083333333      -0.340312482141478     
   4.80732666666667        4.50699375000000      -0.325341275861861     
   4.80732666666667        4.80732666666667      -0.306446276945281     
   4.80732666666667        5.10765958333333      -0.284909874648359     
   4.80732666666667        5.40799250000000      -0.261838254205856     
   4.80732666666667        5.70832541666667      -0.238272197928872     
   4.80732666666667        6.00865833333333      -0.215295262014148     
   4.80732666666667        6.30899125000000      -0.193983806492769     
   4.80732666666667        6.60932416666667      -0.175184615734049     
   4.80732666666667        6.90965708333333      -0.159181801087107     
   4.80732666666667        7.20999000000000      -0.145296072587363     
   5.10765958333333       2.000000000000000E-003 -0.139544657382021     
   5.10765958333333       0.302332916666667      -0.153171628307288     
   5.10765958333333       0.602665833333333      -0.168366896784482     
   5.10765958333333       0.902998750000000      -0.185433454982746     
   5.10765958333333        1.20333166666667      -0.204213043941595     
   5.10765958333333        1.50366458333333      -0.224269173971080     
   5.10765958333333        1.80399750000000      -0.244941717573213     
   5.10765958333333        2.10433041666667      -0.265449398120482     
   5.10765958333333        2.40466333333333      -0.284906472073502     
   5.10765958333333        2.70499625000000      -0.302237262293289     
   5.10765958333333        3.00532916666667      -0.316125000762347     
   5.10765958333333        3.30566208333333      -0.325177609090174     
   5.10765958333333        3.60599500000000      -0.328326201597792     
   5.10765958333333        3.90632791666667      -0.325177875327294     
   5.10765958333333        4.20666083333333      -0.316125163936763     
   5.10765958333333        4.50699375000000      -0.302236932583014     
   5.10765958333333        4.80732666666667      -0.284905796406283     
   5.10765958333333        5.10765958333333      -0.265448967982553     
   5.10765958333333        5.40799250000000      -0.244942653238328     
   5.10765958333333        5.70832541666667      -0.224272649046725     
   5.10765958333333        6.00865833333333      -0.204219926417999     
   5.10765958333333        6.30899125000000      -0.185444073061777     
   5.10765958333333        6.60932416666667      -0.168380804942486     
   5.10765958333333        6.90965708333333      -0.153187409959818     
   5.10765958333333        7.20999000000000      -0.139560326770809     
   5.40799250000000       2.000000000000000E-003 -0.134733144678767     
   5.40799250000000       0.302332916666667      -0.147541413302236     
   5.40799250000000       0.602665833333333      -0.161528566174237     
   5.40799250000000       0.902998750000000      -0.176722913813368     
   5.40799250000000        1.20333166666667      -0.192930307502203     
   5.40799250000000        1.50366458333333      -0.209874413282977     
   5.40799250000000        1.80399750000000      -0.227372242316435     
   5.40799250000000        2.10433041666667      -0.244939220847831     
   5.40799250000000        2.40466333333333      -0.261830925729242     
   5.40799250000000        2.70499625000000      -0.277039049969487     
   5.40799250000000        3.00532916666667      -0.289308912494877     
   5.40799250000000        3.30566208333333      -0.297338859172783     
   5.40799250000000        3.60599500000000      -0.300138285782150     
   5.40799250000000        3.90632791666667      -0.297339833636936     
   5.40799250000000        4.20666083333333      -0.289310350764823     
   5.40799250000000        4.50699375000000      -0.277040289229336     
   5.40799250000000        4.80732666666667      -0.261831750813713     
   5.40799250000000        5.10765958333333      -0.244940093824074     
   5.40799250000000        5.40799250000000      -0.227374121682472     
   5.40799250000000        5.70832541666667      -0.209878386846407     
   5.40799250000000        6.00865833333333      -0.192937284967463     
   5.40799250000000        6.30899125000000      -0.176733269559530     
   5.40799250000000        6.60932416666667      -0.161541992490446     
   5.40799250000000        6.90965708333333      -0.147556996846971     
   5.40799250000000        7.20999000000000      -0.134749376245848     
   5.70832541666667       2.000000000000000E-003 -0.130576359582934     
   5.70832541666667       0.302332916666667      -0.142336427221411     
   5.70832541666667       0.602665833333333      -0.154872122562694     
   5.70832541666667       0.902998750000000      -0.168073683244445     
   5.70832541666667        1.20333166666667      -0.181745934582262     
   5.70832541666667        1.50366458333333      -0.195699137395104     
   5.70832541666667        1.80399750000000      -0.209873615350815     
   5.70832541666667        2.10433041666667      -0.224266160381368     
   5.70832541666667        2.40466333333333      -0.238262131790317     
   5.70832541666667        2.70499625000000      -0.250924708981489     
   5.70832541666667        3.00532916666667      -0.261124885051807     
   5.70832541666667        3.30566208333333      -0.267761008260248     
   5.70832541666667        3.60599500000000      -0.270062440043722     
   5.70832541666667        3.90632791666667      -0.267763259275499     
   5.70832541666667        4.20666083333333      -0.261128437223915     
   5.70832541666667        4.50699375000000      -0.250928508738295     
   5.70832541666667        4.80732666666667      -0.238265610098789     
   5.70832541666667        5.10765958333333      -0.224269515480012     
   5.70832541666667        5.40799250000000      -0.209877551480468     
   5.70832541666667        5.70832541666667      -0.195704525905014     
   5.70832541666667        6.00865833333333      -0.181753415236200     
   5.70832541666667        6.30899125000000      -0.168083613190473     
   5.70832541666667        6.60932416666667      -0.154884576511788     
   5.70832541666667        6.90965708333333      -0.142351050674286     
   5.70832541666667        7.20999000000000      -0.130592115619078     
   6.00865833333333       2.000000000000000E-003 -0.126684110662472     
   6.00865833333333       0.302332916666667      -0.137192695645114     
   6.00865833333333       0.602665833333333      -0.148143416573943     
   6.00865833333333       0.902998750000000      -0.159343148498467     
   6.00865833333333        1.20333166666667      -0.170563182804864     
   6.00865833333333        1.50366458333333      -0.181746324011551     
   6.00865833333333        1.80399750000000      -0.192930168672832     
   6.00865833333333        2.10433041666667      -0.204211242480923     
   6.00865833333333        2.40466333333333      -0.215283791301046     
   6.00865833333333        2.70499625000000      -0.225243099578249     
   6.00865833333333        3.00532916666667      -0.233058464830768     
   6.00865833333333        3.30566208333333      -0.237888335239888     
   6.00865833333333        3.60599500000000      -0.239476962111165     
   6.00865833333333        3.90632791666667      -0.237892703288382     
   6.00865833333333        4.20666083333333      -0.233065311224722     
   6.00865833333333        4.50699375000000      -0.225250494092902     
   6.00865833333333        4.80732666666667      -0.215290844897883     
   6.00865833333333        5.10765958333333      -0.204218009937591     
   6.00865833333333        5.40799250000000      -0.192937130661195     
   6.00865833333333        5.70832541666667      -0.181753836346044     
   6.00865833333333        6.00865833333333      -0.170571489788209     
   6.00865833333333        6.30899125000000      -0.159352483042917     
   6.00865833333333        6.60932416666667      -0.148154195449334     
   6.00865833333333        6.90965708333333      -0.137205399397362     
   6.00865833333333        7.20999000000000      -0.126698282592646     
   6.30899125000000       2.000000000000000E-003 -0.122536714431462     
   6.30899125000000       0.302332916666667      -0.131411312065145     
   6.30899125000000       0.602665833333333      -0.140812302192538     
   6.30899125000000       0.902998750000000      -0.150284187662450     
   6.30899125000000        1.20333166666667      -0.159343806012173     
   6.30899125000000        1.50366458333333      -0.168074854955311     
   6.30899125000000        1.80399750000000      -0.176724015689842     
   6.30899125000000        2.10433041666667      -0.185433738351085     
   6.30899125000000        2.40466333333333      -0.193971840251721     
   6.30899125000000        2.70499625000000      -0.201434065804685     
   6.30899125000000        3.00532916666667      -0.206594474647969     
   6.30899125000000        3.30566208333333      -0.208867721097753     
   6.30899125000000        3.60599500000000      -0.209301341218076     
   6.30899125000000        3.90632791666667      -0.208875544424874     
   6.30899125000000        4.20666083333333      -0.206606248317968     
   6.30899125000000        4.50699375000000      -0.201446062494670     
   6.30899125000000        4.80732666666667      -0.193982912992135     
   6.30899125000000        5.10765958333333      -0.185444373738396     
   6.30899125000000        5.40799250000000      -0.176734525658038     
   6.30899125000000        5.70832541666667      -0.168085012729138     
   6.30899125000000        6.00865833333333      -0.159353339054608     
   6.30899125000000        6.30899125000000      -0.150292877653915     
   6.30899125000000        6.60932416666667      -0.140820711426316     
   6.30899125000000        6.90965708333333      -0.131421172333516     
   6.30899125000000        7.20999000000000      -0.122548475619844     
   6.60932416666667       2.000000000000000E-003 -0.117941884050073     
   6.60932416666667       0.302332916666667      -0.124309773991639     
   6.60932416666667       0.602665833333333      -0.132464585512442     
   6.60932416666667       0.902998750000000      -0.140812593518216     
   6.60932416666667        1.20333166666667      -0.148144342311396     
   6.60932416666667        1.50366458333333      -0.154873688428280     
   6.60932416666667        1.80399750000000      -0.161530509740787     
   6.60932416666667        2.10433041666667      -0.168368960453782     
   6.60932416666667        2.40466333333333      -0.175172415009330     
   6.60932416666667        2.70499625000000      -0.180918349395220     
   6.60932416666667        3.00532916666667      -0.184204222215917     
   6.60932416666667        3.30566208333333      -0.184142583603753     
   6.60932416666667        3.60599500000000      -0.183239281830865     
   6.60932416666667        3.90632791666667      -0.184154519242546     
   6.60932416666667        4.20666083333333      -0.184220914913896     
   6.60932416666667        4.50699375000000      -0.180934848547618     
   6.60932416666667        4.80732666666667      -0.175187171646594     
   6.60932416666667        5.10765958333333      -0.168383242904982     
   6.60932416666667        5.40799250000000      -0.161544498914572     
   6.60932416666667        5.70832541666667      -0.154886801837394     
   6.60932416666667        6.00865833333333      -0.148155763445300     
   6.60932416666667        6.30899125000000      -0.140821436965305     
   6.60932416666667        6.60932416666667      -0.132470978269251     
   6.60932416666667        6.90965708333333      -0.124316756173056     
   6.60932416666667        7.20999000000000      -0.117951787531597     
   6.90965708333333       2.000000000000000E-003 -0.114764970065231     
   6.90965708333333       0.302332916666667      -0.117872685264767     
   6.90965708333333       0.602665833333333      -0.124309426310315     
   6.90965708333333       0.902998750000000      -0.131411186045064     
   6.90965708333333        1.20333166666667      -0.137193091173427     
   6.90965708333333        1.50366458333333      -0.142337470129383     
   6.90965708333333        1.80399750000000      -0.147543150810870     
   6.90965708333333        2.10433041666667      -0.153174146116739     
   6.90965708333333        2.40466333333333      -0.159169527695189     
   6.90965708333333        2.70499625000000      -0.164927017100860     
   6.90965708333333        3.00532916666667      -0.169061897867859     
   6.90965708333333        3.30566208333333      -0.169861598952671     
   6.90965708333333        3.60599500000000      -0.169337930304107     
   6.90965708333333        3.90632791666667      -0.169875093806849     
   6.90965708333333        4.20666083333333      -0.169079511221243     
   6.90965708333333        4.50699375000000      -0.164944697583172     
   6.90965708333333        4.80732666666667      -0.159186358151037     
   6.90965708333333        5.10765958333333      -0.153190998685745     
   6.90965708333333        5.40799250000000      -0.147560074538714     
   6.90965708333333        5.70832541666667      -0.142353568415228     
   6.90965708333333        6.00865833333333      -0.137207227458583     
   6.90965708333333        6.30899125000000      -0.131422254151212     
   6.90965708333333        6.60932416666667      -0.124317171647110     
   6.90965708333333        6.90965708333333      -0.117879725401297     
   6.90965708333333        7.20999000000000      -0.114777165588758     
   7.20999000000000       2.000000000000000E-003 -0.111724446390901     
   7.20999000000000       0.302332916666667      -0.114764892823683     
   7.20999000000000       0.602665833333333      -0.117941213565244     
   7.20999000000000       0.902998750000000      -0.122535666013274     
   7.20999000000000        1.20333166666667      -0.126683196086683     
   7.20999000000000        1.50366458333333      -0.130575934848293     
   7.20999000000000        1.80399750000000      -0.134733465627359     
   7.20999000000000        2.10433041666667      -0.139546002141085     
   7.20999000000000        2.40466333333333      -0.145284490297203     
   7.20999000000000        2.70499625000000      -0.151911557715050     
   7.20999000000000        3.00532916666667      -0.158347689039422     
   7.20999000000000        3.30566208333333      -0.161874908847702     
   7.20999000000000        3.60599500000000      -0.163248248244147     
   7.20999000000000        3.90632791666667      -0.161880533973394     
   7.20999000000000        4.20666083333333      -0.158358486546582     
   7.20999000000000        4.50699375000000      -0.151925703477415     
   7.20999000000000        4.80732666666667      -0.145300636907048     
   7.20999000000000        5.10765958333333      -0.139563911799709     
   7.20999000000000        5.40799250000000      -0.134752323992056     
   7.20999000000000        5.70832541666667      -0.130594479239276     
   7.20999000000000        6.00865833333333      -0.126700064431357     
   7.20999000000000        6.30899125000000      -0.122549806879171     
   7.20999000000000        6.60932416666667      -0.117952947809806     
   7.20999000000000        6.90965708333333      -0.114778035239293     
   7.20999000000000        7.20999000000000      -0.111740563140125     
