  2.000000000000000E-003  2.000000000000000E-003 -0.273995228025941     
  2.000000000000000E-003  0.302332916666667      -0.272092207442721     
  2.000000000000000E-003  0.602665833333333      -0.275784185959689     
  2.000000000000000E-003  0.902998750000000      -0.288234274584999     
  2.000000000000000E-003   1.20333166666667      -0.297840460072480     
  2.000000000000000E-003   1.50366458333333      -0.301513652776686     
  2.000000000000000E-003   1.80399750000000      -0.299294725242007     
  2.000000000000000E-003   2.10433041666667      -0.292314690139826     
  2.000000000000000E-003   2.40466333333333      -0.282113197914872     
  2.000000000000000E-003   2.70499625000000      -0.269744330083893     
  2.000000000000000E-003   3.00532916666667      -0.257704554773926     
  2.000000000000000E-003   3.30566208333333      -0.252308982061130     
  2.000000000000000E-003   3.60599500000000      -0.244861793458792     
  2.000000000000000E-003   3.90632791666667      -0.222434657531507     
  2.000000000000000E-003   4.20666083333333      -0.198214730101806     
  2.000000000000000E-003   4.50699375000000      -0.172205671735002     
  2.000000000000000E-003   4.80732666666667      -0.150484257514006     
  2.000000000000000E-003   5.10765958333333      -0.134007596297661     
  2.000000000000000E-003   5.40799250000000      -0.122259697618784     
  2.000000000000000E-003   5.70832541666667      -0.114478946760878     
  2.000000000000000E-003   6.00865833333333      -0.109256045244987     
  2.000000000000000E-003   6.30899125000000      -0.104559410214501     
  2.000000000000000E-003   6.60932416666667      -9.870620125424989E-002
  2.000000000000000E-003   6.90965708333333      -9.436637786020947E-002
  2.000000000000000E-003   7.20999000000000      -9.084450738986574E-002
  0.302332916666667       2.000000000000000E-003 -0.272088134057426     
  0.302332916666667       0.302332916666667      -0.266837271405783     
  0.302332916666667       0.602665833333333      -0.290760111035197     
  0.302332916666667       0.902998750000000      -0.320086608976356     
  0.302332916666667        1.20333166666667      -0.337089133363683     
  0.302332916666667        1.50366458333333      -0.342893885230766     
  0.302332916666667        1.80399750000000      -0.340344215522160     
  0.302332916666667        2.10433041666667      -0.331328640773489     
  0.302332916666667        2.40466333333333      -0.318855350326473     
  0.302332916666667        2.70499625000000      -0.303334731703748     
  0.302332916666667        3.00532916666667      -0.283943375079829     
  0.302332916666667        3.30566208333333      -0.267738450143809     
  0.302332916666667        3.60599500000000      -0.256684501310085     
  0.302332916666667        3.90632791666667      -0.235760420754605     
  0.302332916666667        4.20666083333333      -0.208723193798979     
  0.302332916666667        4.50699375000000      -0.181843849010682     
  0.302332916666667        4.80732666666667      -0.159482502013450     
  0.302332916666667        5.10765958333333      -0.142114638525768     
  0.302332916666667        5.40799250000000      -0.129234459125477     
  0.302332916666667        5.70832541666667      -0.120132856996252     
  0.302332916666667        6.00865833333333      -0.113358020028168     
  0.302332916666667        6.30899125000000      -0.107025423886455     
  0.302332916666667        6.60932416666667      -9.972855510605629E-002
  0.302332916666667        6.90965708333333      -9.436828406463500E-002
  0.302332916666667        7.20999000000000      -9.066041870325439E-002
  0.602665833333333       2.000000000000000E-003 -0.275779735824365     
  0.602665833333333       0.302332916666667      -0.290758725781368     
  0.602665833333333       0.602665833333333      -0.323189285091815     
  0.602665833333333       0.902998750000000      -0.356138279734972     
  0.602665833333333        1.20333166666667      -0.376120732540635     
  0.602665833333333        1.50366458333333      -0.383336490166917     
  0.602665833333333        1.80399750000000      -0.380438855883295     
  0.602665833333333        2.10433041666667      -0.369840658521906     
  0.602665833333333        2.40466333333333      -0.355314225913740     
  0.602665833333333        2.70499625000000      -0.339113071981050     
  0.602665833333333        3.00532916666667      -0.316296463271354     
  0.602665833333333        3.30566208333333      -0.291046989613132     
  0.602665833333333        3.60599500000000      -0.267144119122562     
  0.602665833333333        3.90632791666667      -0.241714403190574     
  0.602665833333333        4.20666083333333      -0.214033241106393     
  0.602665833333333        4.50699375000000      -0.187890361916642     
  0.602665833333333        4.80732666666667      -0.166311519913691     
  0.602665833333333        5.10765958333333      -0.148833230773232     
  0.602665833333333        5.40799250000000      -0.135287554500273     
  0.602665833333333        5.70832541666667      -0.125107336565752     
  0.602665833333333        6.00865833333333      -0.117079292627192     
  0.602665833333333        6.30899125000000      -0.109877472129582     
  0.602665833333333        6.60932416666667      -0.102781415758029     
  0.602665833333333        6.90965708333333      -9.637429571873102E-002
  0.602665833333333        7.20999000000000      -8.934536855546063E-002
  0.902998750000000       2.000000000000000E-003 -0.288231527914190     
  0.902998750000000       0.302332916666667      -0.320086224012905     
  0.902998750000000       0.602665833333333      -0.356139396655386     
  0.902998750000000       0.902998750000000      -0.388269258631518     
  0.902998750000000        1.20333166666667      -0.409117127044751     
  0.902998750000000        1.50366458333333      -0.417473643254076     
  0.902998750000000        1.80399750000000      -0.414633265798180     
  0.902998750000000        2.10433041666667      -0.402591590787625     
  0.902998750000000        2.40466333333333      -0.387705668444288     
  0.902998750000000        2.70499625000000      -0.369381924550140     
  0.902998750000000        3.00532916666667      -0.344809927791699     
  0.902998750000000        3.30566208333333      -0.314214056359262     
  0.902998750000000        3.60599500000000      -0.281603621971178     
  0.902998750000000        3.90632791666667      -0.249454111562229     
  0.902998750000000        4.20666083333333      -0.219347697068843     
  0.902998750000000        4.50699375000000      -0.193244656996429     
  0.902998750000000        4.80732666666667      -0.171946955664312     
  0.902998750000000        5.10765958333333      -0.154548763129128     
  0.902998750000000        5.40799250000000      -0.140495217875567     
  0.902998750000000        5.70832541666667      -0.129480767932260     
  0.902998750000000        6.00865833333333      -0.120473033666300     
  0.902998750000000        6.30899125000000      -0.112530079681537     
  0.902998750000000        6.60932416666667      -0.105016227704731     
  0.902998750000000        6.90965708333333      -9.744199219031677E-002
  0.902998750000000        7.20999000000000      -8.935819376060679E-002
   1.20333166666667       2.000000000000000E-003 -0.297839232420588     
   1.20333166666667       0.302332916666667      -0.337091491976868     
   1.20333166666667       0.602665833333333      -0.376125579521087     
   1.20333166666667       0.902998750000000      -0.409121372383892     
   1.20333166666667        1.20333166666667      -0.431206838558833     
   1.20333166666667        1.50366458333333      -0.440809023448717     
   1.20333166666667        1.80399750000000      -0.438069298684682     
   1.20333166666667        2.10433041666667      -0.427232231777424     
   1.20333166666667        2.40466333333333      -0.412696129008056     
   1.20333166666667        2.70499625000000      -0.391283671593227     
   1.20333166666667        3.00532916666667      -0.362835102932157     
   1.20333166666667        3.30566208333333      -0.329134823353797     
   1.20333166666667        3.60599500000000      -0.292669602061968     
   1.20333166666667        3.90632791666667      -0.257021150942599     
   1.20333166666667        4.20666083333333      -0.225158810753454     
   1.20333166666667        4.50699375000000      -0.198551599202007     
   1.20333166666667        4.80732666666667      -0.176932098623857     
   1.20333166666667        5.10765958333333      -0.159383420594732     
   1.20333166666667        5.40799250000000      -0.145012873169349     
   1.20333166666667        5.70832541666667      -0.133301419677945     
   1.20333166666667        6.00865833333333      -0.123431892279577     
   1.20333166666667        6.30899125000000      -0.114629099260209     
   1.20333166666667        6.60932416666667      -0.106320925510781     
   1.20333166666667        6.90965708333333      -9.807928417519300E-002
   1.20333166666667        7.20999000000000      -8.983525943014567E-002
   1.50366458333333       2.000000000000000E-003 -0.301513755578211     
   1.50366458333333       0.302332916666667      -0.342899569519010     
   1.50366458333333       0.602665833333333      -0.383346203952540     
   1.50366458333333       0.902998750000000      -0.417483688533684     
   1.50366458333333        1.20333166666667      -0.440815200962963     
   1.50366458333333        1.50366458333333      -0.450976543035831     
   1.50366458333333        1.80399750000000      -0.449384387938815     
   1.50366458333333        2.10433041666667      -0.442119766763535     
   1.50366458333333        2.40466333333333      -0.427357689359273     
   1.50366458333333        2.70499625000000      -0.403711210744455     
   1.50366458333333        3.00532916666667      -0.372302147213410     
   1.50366458333333        3.30566208333333      -0.335953339149661     
   1.50366458333333        3.60599500000000      -0.298106130824436     
   1.50366458333333        3.90632791666667      -0.262004699013239     
   1.50366458333333        4.20666083333333      -0.230009372621267     
   1.50366458333333        4.50699375000000      -0.203136472895023     
   1.50366458333333        4.80732666666667      -0.181212709546205     
   1.50366458333333        5.10765958333333      -0.163418935512193     
   1.50366458333333        5.40799250000000      -0.148798022751551     
   1.50366458333333        5.70832541666667      -0.136546040364461     
   1.50366458333333        6.00865833333333      -0.125942561751006     
   1.50366458333333        6.30899125000000      -0.116336937171811     
   1.50366458333333        6.60932416666667      -0.107315871227483     
   1.50366458333333        6.90965708333333      -9.866091222313428E-002
   1.50366458333333        7.20999000000000      -9.038777637013379E-002
   1.80399750000000       2.000000000000000E-003 -0.299296084064294     
   1.80399750000000       0.302332916666667      -0.340352786542367     
   1.80399750000000       0.602665833333333      -0.380452651282741     
   1.80399750000000       0.902998750000000      -0.414648076842894     
   1.80399750000000        1.20333166666667      -0.438080504535130     
   1.80399750000000        1.50366458333333      -0.449389532365276     
   1.80399750000000        1.80399750000000      -0.452238106196136     
   1.80399750000000        2.10433041666667      -0.446052031055292     
   1.80399750000000        2.40466333333333      -0.429973223516261     
   1.80399750000000        2.70499625000000      -0.404640155550463     
   1.80399750000000        3.00532916666667      -0.372252144356863     
   1.80399750000000        3.30566208333333      -0.335925213150692     
   1.80399750000000        3.60599500000000      -0.298891123039676     
   1.80399750000000        3.90632791666667      -0.263873742415957     
   1.80399750000000        4.20666083333333      -0.232711918816563     
   1.80399750000000        4.50699375000000      -0.206234983178901     
   1.80399750000000        4.80732666666667      -0.184386839018644     
   1.80399750000000        5.10765958333333      -0.166515045450836     
   1.80399750000000        5.40799250000000      -0.151706778031262     
   1.80399750000000        5.70832541666667      -0.139073757811994     
   1.80399750000000        6.00865833333333      -0.127906729179896     
   1.80399750000000        6.30899125000000      -0.117661202175765     
   1.80399750000000        6.60932416666667      -0.108081814400150     
   1.80399750000000        6.90965708333333      -9.911927884578156E-002
   1.80399750000000        7.20999000000000      -9.081011848731135E-002
   2.10433041666667       2.000000000000000E-003 -0.292317075594920     
   2.10433041666667       0.302332916666667      -0.331339044429711     
   2.10433041666667       0.602665833333333      -0.369856612414925     
   2.10433041666667       0.902998750000000      -0.402608233752751     
   2.10433041666667        1.20333166666667      -0.427245118123916     
   2.10433041666667        1.50366458333333      -0.442126649069609     
   2.10433041666667        1.80399750000000      -0.446053736946859     
   2.10433041666667        2.10433041666667      -0.438621698309778     
   2.10433041666667        2.40466333333333      -0.420696712759875     
   2.10433041666667        2.70499625000000      -0.394413644895280     
   2.10433041666667        3.00532916666667      -0.362648162407053     
   2.10433041666667        3.30566208333333      -0.328338528619992     
   2.10433041666667        3.60599500000000      -0.294019228589678     
   2.10433041666667        3.90632791666667      -0.261626962592967     
   2.10433041666667        4.20666083333333      -0.232463553284582     
   2.10433041666667        4.50699375000000      -0.207222313352858     
   2.10433041666667        4.80732666666667      -0.186010235169450     
   2.10433041666667        5.10765958333333      -0.168402539063818     
   2.10433041666667        5.40799250000000      -0.153614002679109     
   2.10433041666667        5.70832541666667      -0.140771481469642     
   2.10433041666667        6.00865833333333      -0.129177151510444     
   2.10433041666667        6.30899125000000      -0.118443078198674     
   2.10433041666667        6.60932416666667      -0.108462751122293     
   2.10433041666667        6.90965708333333      -9.929327533268494E-002
   2.10433041666667        7.20999000000000      -9.099731694983008E-002
   2.40466333333333       2.000000000000000E-003 -0.282115881235718     
   2.40466333333333       0.302332916666667      -0.318867184954368     
   2.40466333333333       0.602665833333333      -0.355331552128405     
   2.40466333333333       0.902998750000000      -0.387722409255214     
   2.40466333333333        1.20333166666667      -0.412707579409105     
   2.40466333333333        1.50366458333333      -0.427362146285965     
   2.40466333333333        1.80399750000000      -0.429972186081159     
   2.40466333333333        2.10433041666667      -0.420694027325368     
   2.40466333333333        2.40466333333333      -0.401506371198655     
   2.40466333333333        2.70499625000000      -0.375471107877527     
   2.40466333333333        3.00532916666667      -0.345733769639104     
   2.40466333333333        3.30566208333333      -0.314799506139850     
   2.40466333333333        3.60599500000000      -0.284373946010225     
   2.40466333333333        3.90632791666667      -0.255581733637826     
   2.40466333333333        4.20666083333333      -0.229220185974634     
   2.40466333333333        4.50699375000000      -0.205873465643768     
   2.40466333333333        4.80732666666667      -0.185812733770981     
   2.40466333333333        5.10765958333333      -0.168842571698630     
   2.40466333333333        5.40799250000000      -0.154335749186771     
   2.40466333333333        5.70832541666667      -0.141493126519226     
   2.40466333333333        6.00865833333333      -0.129675919153589     
   2.40466333333333        6.30899125000000      -0.118606068705058     
   2.40466333333333        6.60932416666667      -0.108340204871156     
   2.40466333333333        6.90965708333333      -9.908847777437912E-002
   2.40466333333333        7.20999000000000      -9.097550017967397E-002
   2.70499625000000       2.000000000000000E-003 -0.269747134611331     
   2.70499625000000       0.302332916666667      -0.303349730781299     
   2.70499625000000       0.602665833333333      -0.339134728925097     
   2.70499625000000       0.902998750000000      -0.369399589993653     
   2.70499625000000        1.20333166666667      -0.391291667154932     
   2.70499625000000        1.50366458333333      -0.403710024002308     
   2.70499625000000        1.80399750000000      -0.404632994509004     
   2.70499625000000        2.10433041666667      -0.394405172735699     
   2.70499625000000        2.40466333333333      -0.375465703694069     
   2.70499625000000        2.70499625000000      -0.351190257889783     
   2.70499625000000        3.00532916666667      -0.324632532914300     
   2.70499625000000        3.30566208333333      -0.297794959275738     
   2.70499625000000        3.60599500000000      -0.271668360790800     
   2.70499625000000        3.90632791666667      -0.246738883812787     
   2.70499625000000        4.20666083333333      -0.223446614866353     
   2.70499625000000        4.50699375000000      -0.202317885841218     
   2.70499625000000        4.80732666666667      -0.183748826119633     
   2.70499625000000        5.10765958333333      -0.167716275493441     
   2.70499625000000        5.40799250000000      -0.153731144376958     
   2.70499625000000        5.70832541666667      -0.141090651225084     
   2.70499625000000        6.00865833333333      -0.129245764027311     
   2.70499625000000        6.30899125000000      -0.118017128243215     
   2.70499625000000        6.60932416666667      -0.107571505408499     
   2.70499625000000        6.90965708333333      -9.842059582500519E-002
   2.70499625000000        7.20999000000000      -9.083120526024037E-002
   3.00532916666667       2.000000000000000E-003 -0.257709578171037     
   3.00532916666667       0.302332916666667      -0.283965268735587     
   3.00532916666667       0.602665833333333      -0.316325420227324     
   3.00532916666667       0.902998750000000      -0.344830486639952     
   3.00532916666667        1.20333166666667      -0.362839441957254     
   3.00532916666667        1.50366458333333      -0.372294257393522     
   3.00532916666667        1.80399750000000      -0.372238050011855     
   3.00532916666667        2.10433041666667      -0.362633561851413     
   3.00532916666667        2.40466333333333      -0.345723053371686     
   3.00532916666667        2.70499625000000      -0.324627597181858     
   3.00532916666667        3.00532916666667      -0.302027697615491     
   3.00532916666667        3.30566208333333      -0.279468506558704     
   3.00532916666667        3.60599500000000      -0.257460163042537     
   3.00532916666667        3.90632791666667      -0.236119315974405     
   3.00532916666667        4.20666083333333      -0.215738888170407     
   3.00532916666667        4.50699375000000      -0.196855732632199     
   3.00532916666667        4.80732666666667      -0.179931587255332     
   3.00532916666667        5.10765958333333      -0.165027293435062     
   3.00532916666667        5.40799250000000      -0.151745523093824     
   3.00532916666667        5.70832541666667      -0.139484674861637     
   3.00532916666667        6.00865833333333      -0.127805556325048     
   3.00532916666667        6.30899125000000      -0.116589843448783     
   3.00532916666667        6.60932416666667      -0.106150641797431     
   3.00532916666667        6.90965708333333      -9.739668480857848E-002
   3.00532916666667        7.20999000000000      -9.077230840798996E-002
   3.30566208333333       2.000000000000000E-003 -0.252319206129628     
   3.30566208333333       0.302332916666667      -0.267769300754486     
   3.30566208333333       0.602665833333333      -0.291081302391292     
   3.30566208333333       0.902998750000000      -0.314234268559316     
   3.30566208333333        1.20333166666667      -0.329135260624509     
   3.30566208333333        1.50366458333333      -0.335939629664198     
   3.30566208333333        1.80399750000000      -0.335906023420997     
   3.30566208333333        2.10433041666667      -0.328320155414640     
   3.30566208333333        2.40466333333333      -0.314786030227477     
   3.30566208333333        2.70499625000000      -0.297787677330474     
   3.30566208333333        3.00532916666667      -0.279466160562214     
   3.30566208333333        3.30566208333333      -0.260990630235285     
   3.30566208333333        3.60599500000000      -0.242626139476483     
   3.30566208333333        3.90632791666667      -0.224375099874651     
   3.30566208333333        4.20666083333333      -0.206571308286078     
   3.30566208333333        4.50699375000000      -0.189810296271494     
   3.30566208333333        4.80732666666667      -0.174557514046756     
   3.30566208333333        5.10765958333333      -0.160874289820221     
   3.30566208333333        5.40799250000000      -0.148411188157142     
   3.30566208333333        5.70832541666667      -0.136675380578935     
   3.30566208333333        6.00865833333333      -0.125366662754612     
   3.30566208333333        6.30899125000000      -0.114452678909214     
   3.30566208333333        6.60932416666667      -0.104392318853565     
   3.30566208333333        6.90965708333333      -9.650340828099079E-002
   3.30566208333333        7.20999000000000      -9.098157728882404E-002
   3.60599500000000       2.000000000000000E-003 -0.244871768910090     
   3.60599500000000       0.302332916666667      -0.256709469115803     
   3.60599500000000       0.602665833333333      -0.267168706647431     
   3.60599500000000       0.902998750000000      -0.281614484621588     
   3.60599500000000        1.20333166666667      -0.292663469143674     
   3.60599500000000        1.50366458333333      -0.298088469797077     
   3.60599500000000        1.80399750000000      -0.298870173171687     
   3.60599500000000        2.10433041666667      -0.294000737474429     
   3.60599500000000        2.40466333333333      -0.284361164465857     
   3.60599500000000        2.70499625000000      -0.271661802290920     
   3.60599500000000        3.00532916666667      -0.257458155277681     
   3.60599500000000        3.30566208333333      -0.242626137287166     
   3.60599500000000        3.60599500000000      -0.227373912591325     
   3.60599500000000        3.90632791666667      -0.211773223946692     
   3.60599500000000        4.20666083333333      -0.196273646515031     
   3.60599500000000        4.50699375000000      -0.181507597831101     
   3.60599500000000        4.80732666666667      -0.167891135689086     
   3.60599500000000        5.10765958333333      -0.155441824529008     
   3.60599500000000        5.40799250000000      -0.143845174331099     
   3.60599500000000        5.70832541666667      -0.132736161300944     
   3.60599500000000        6.00865833333333      -0.121996439362519     
   3.60599500000000        6.30899125000000      -0.111741041672101     
   3.60599500000000        6.60932416666667      -0.102570116629180     
   3.60599500000000        6.90965708333333      -9.590585330829139E-002
   3.60599500000000        7.20999000000000      -9.078272129606316E-002
   3.90632791666667       2.000000000000000E-003 -0.222439289359387     
   3.90632791666667       0.302332916666667      -0.235761782519443     
   3.90632791666667       0.602665833333333      -0.241716355640181     
   3.90632791666667       0.902998750000000      -0.249449693691208     
   3.90632791666667        1.20333166666667      -0.257007685149965     
   3.90632791666667        1.50366458333333      -0.261985602077063     
   3.90632791666667        1.80399750000000      -0.263854363540434     
   3.90632791666667        2.10433041666667      -0.261611501928578     
   3.90632791666667        2.40466333333333      -0.255572220561676     
   3.90632791666667        2.70499625000000      -0.246734986240065     
   3.90632791666667        3.00532916666667      -0.236119050369405     
   3.90632791666667        3.30566208333333      -0.224376096757307     
   3.90632791666667        3.60599500000000      -0.211773891051038     
   3.90632791666667        3.90632791666667      -0.198546872869645     
   3.90632791666667        4.20666083333333      -0.185203734422113     
   3.90632791666667        4.50699375000000      -0.172331710374394     
   3.90632791666667        4.80732666666667      -0.160268694066072     
   3.90632791666667        5.10765958333333      -0.148993934214322     
   3.90632791666667        5.40799250000000      -0.138249759258526     
   3.90632791666667        5.70832541666667      -0.127815863868800     
   3.90632791666667        6.00865833333333      -0.117756326524862     
   3.90632791666667        6.30899125000000      -0.108348829298046     
   3.90632791666667        6.60932416666667      -0.100162616737649     
   3.90632791666667        6.90965708333333      -9.389344106562034E-002
   3.90632791666667        7.20999000000000      -8.831637403802291E-002
   4.20666083333333       2.000000000000000E-003 -0.198211532660267     
   4.20666083333333       0.302332916666667      -0.208712474549794     
   4.20666083333333       0.602665833333333      -0.214020517278444     
   4.20666083333333       0.902998750000000      -0.219333028393902     
   4.20666083333333        1.20333166666667      -0.225141981103896     
   4.20666083333333        1.50366458333333      -0.229991638986769     
   4.20666083333333        1.80399750000000      -0.232696271317572     
   4.20666083333333        2.10433041666667      -0.232452539185432     
   4.20666083333333        2.40466333333333      -0.229214609243404     
   4.20666083333333        2.70499625000000      -0.223445457283097     
   4.20666083333333        3.00532916666667      -0.215740083349777     
   4.20666083333333        3.30566208333333      -0.206572855161802     
   4.20666083333333        3.60599500000000      -0.196274459929998     
   4.20666083333333        3.90632791666667      -0.185203822832365     
   4.20666083333333        4.20666083333333      -0.173857235914959     
   4.20666083333333        4.50699375000000      -0.162722419033033     
   4.20666083333333        4.80732666666667      -0.152059013589920     
   4.20666083333333        5.10765958333333      -0.141841613703366     
   4.20666083333333        5.40799250000000      -0.131900263467639     
   4.20666083333333        5.70832541666667      -0.122157043647378     
   4.20666083333333        6.00865833333333      -0.112794585004148     
   4.20666083333333        6.30899125000000      -0.104185276236173     
   4.20666083333333        6.60932416666667      -9.671145317553674E-002
   4.20666083333333        6.90965708333333      -9.062592879216609E-002
   4.20666083333333        7.20999000000000      -8.520240270747292E-002
   4.50699375000000       2.000000000000000E-003 -0.172199942957582     
   4.50699375000000       0.302332916666667      -0.181832645368901     
   4.50699375000000       0.602665833333333      -0.187875824486824     
   4.50699375000000       0.902998750000000      -0.193229196621788     
   4.50699375000000        1.20333166666667      -0.198536061726584     
   4.50699375000000        1.50366458333333      -0.203122004496509     
   4.50699375000000        1.80399750000000      -0.206223577425312     
   4.50699375000000        2.10433041666667      -0.207215300445082     
   4.50699375000000        2.40466333333333      -0.205870754335239     
   4.50699375000000        2.70499625000000      -0.202318118664782     
   4.50699375000000        3.00532916666667      -0.196857057930648     
   4.50699375000000        3.30566208333333      -0.189811257754812     
   4.50699375000000        3.60599500000000      -0.181507657530167     
   4.50699375000000        3.90632791666667      -0.172331178529496     
   4.50699375000000        4.20666083333333      -0.162721942279496     
   4.50699375000000        4.50699375000000      -0.153070750814096     
   4.50699375000000        4.80732666666667      -0.143589443700141     
   4.50699375000000        5.10765958333333      -0.134289169934113     
   4.50699375000000        5.40799250000000      -0.125106554366197     
   4.50699375000000        5.70832541666667      -0.116080954460038     
   4.50699375000000        6.00865833333333      -0.107442422759464     
   4.50699375000000        6.30899125000000      -9.952359040001482E-002
   4.50699375000000        6.60932416666667      -9.254559845732878E-002
   4.50699375000000        6.90965708333333      -8.652207909409151E-002
   4.50699375000000        7.20999000000000      -8.099646997191792E-002
   4.80732666666667       2.000000000000000E-003 -0.150479162726271     
   4.80732666666667       0.302332916666667      -0.159474668814773     
   4.80732666666667       0.602665833333333      -0.166300956940070     
   4.80732666666667       0.902998750000000      -0.171934878204671     
   4.80732666666667        1.20333166666667      -0.176919850034150     
   4.80732666666667        1.50366458333333      -0.181201902058664     
   4.80732666666667        1.80399750000000      -0.184378900871965     
   4.80732666666667        2.10433041666667      -0.186005731767946     
   4.80732666666667        2.40466333333333      -0.185811123932875     
   4.80732666666667        2.70499625000000      -0.183748805632115     
   4.80732666666667        3.00532916666667      -0.179931774818227     
   4.80732666666667        3.30566208333333      -0.174557073590757     
   4.80732666666667        3.60599500000000      -0.167890005856336     
   4.80732666666667        3.90632791666667      -0.160267357593049     
   4.80732666666667        4.20666083333333      -0.152058023201734     
   4.80732666666667        4.50699375000000      -0.143589034325721     
   4.80732666666667        4.80732666666667      -0.135068673163000     
   4.80732666666667        5.10765958333333      -0.126576768072201     
   4.80732666666667        5.40799250000000      -0.118152846616878     
   4.80732666666667        5.70832541666667      -0.109908002587081     
   4.80732666666667        6.00865833333333      -0.102058218621908     
   4.80732666666667        6.30899125000000      -9.483725179526586E-002
   4.80732666666667        6.60932416666667      -8.834800813133423E-002
   4.80732666666667        6.90965708333333      -8.248318480654494E-002
   4.80732666666667        7.20999000000000      -7.700074384179136E-002
   5.10765958333333       2.000000000000000E-003 -0.134004141447115     
   5.10765958333333       0.302332916666667      -0.142109928847878     
   5.10765958333333       0.602665833333333      -0.148826396734289     
   5.10765958333333       0.902998750000000      -0.154540270723044     
   5.10765958333333        1.20333166666667      -0.159374607228030     
   5.10765958333333        1.50366458333333      -0.163411230745197     
   5.10765958333333        1.80399750000000      -0.166509401657553     
   5.10765958333333        2.10433041666667      -0.168399104116732     
   5.10765958333333        2.40466333333333      -0.168840738396744     
   5.10765958333333        2.70499625000000      -0.167715081757847     
   5.10765958333333        3.00532916666667      -0.165025943814189     
   5.10765958333333        3.30566208333333      -0.160872507289941     
   5.10765958333333        3.60599500000000      -0.155439856810693     
   5.10765958333333        3.90632791666667      -0.148992260159643     
   5.10765958333333        4.20666083333333      -0.141840576014725     
   5.10765958333333        4.50699375000000      -0.134288774018589     
   5.10765958333333        4.80732666666667      -0.126576737700886     
   5.10765958333333        5.10765958333333      -0.118860395636067     
   5.10765958333333        5.40799250000000      -0.111251763162187     
   5.10765958333333        5.70832541666667      -0.103875407380144     
   5.10765958333333        6.00865833333333      -9.687779892743657E-002
   5.10765958333333        6.30899125000000      -9.037311287541012E-002
   5.10765958333333        6.60932416666667      -8.438161922631778E-002
   5.10765958333333        6.90965708333333      -7.885273845842444E-002
   5.10765958333333        7.20999000000000      -7.361631616475420E-002
   5.40799250000000       2.000000000000000E-003 -0.122257594180017     
   5.40799250000000       0.302332916666667      -0.129231757753685     
   5.40799250000000       0.602665833333333      -0.135283412282470     
   5.40799250000000       0.902998750000000      -0.140489812197812     
   5.40799250000000        1.20333166666667      -0.145007038092095     
   5.40799250000000        1.50366458333333      -0.148792726033167     
   5.40799250000000        1.80399750000000      -0.151702602714971     
   5.40799250000000        2.10433041666667      -0.153610928573173     
   5.40799250000000        2.40466333333333      -0.154333338221816     
   5.40799250000000        2.70499625000000      -0.153728886272049     
   5.40799250000000        3.00532916666667      -0.151743158076208     
   5.40799250000000        3.30566208333333      -0.148408832642641     
   5.40799250000000        3.60599500000000      -0.143843191518791     
   5.40799250000000        3.90632791666667      -0.138248478228685     
   5.40799250000000        4.20666083333333      -0.131899750345836     
   5.40799250000000        4.50699375000000      -0.125106586586027     
   5.40799250000000        4.80732666666667      -0.118153074494439     
   5.40799250000000        5.10765958333333      -0.111251917189721     
   5.40799250000000        5.40799250000000      -0.104541373913055     
   5.40799250000000        5.70832541666667      -9.810757076508854E-002
   5.40799250000000        6.00865833333333      -9.199226512404161E-002
   5.40799250000000        6.30899125000000      -8.621876743061099E-002
   5.40799250000000        6.60932416666667      -8.080806307827264E-002
   5.40799250000000        6.90965708333333      -7.570188169522517E-002
   5.40799250000000        7.20999000000000      -7.081984474068923E-002
   5.70832541666667       2.000000000000000E-003 -0.114477473053563     
   5.70832541666667       0.302332916666667      -0.120131194792105     
   5.70832541666667       0.602665833333333      -0.125104890292052     
   5.70832541666667       0.902998750000000      -0.129477582336588     
   5.70832541666667        1.20333166666667      -0.133297941376375     
   5.70832541666667        1.50366458333333      -0.136542726367820     
   5.70832541666667        1.80399750000000      -0.139070791290245     
   5.70832541666667        2.10433041666667      -0.140768802788674     
   5.70832541666667        2.40466333333333      -0.141490546395220     
   5.70832541666667        2.70499625000000      -0.141088057246552     
   5.70832541666667        3.00532916666667      -0.139482175272320     
   5.70832541666667        3.30566208333333      -0.136673291489413     
   5.70832541666667        3.60599500000000      -0.132734833315134     
   5.70832541666667        3.90632791666667      -0.127815436153766     
   5.70832541666667        4.20666083333333      -0.122157321337127     
   5.70832541666667        4.50699375000000      -0.116081535589596     
   5.70832541666667        4.80732666666667      -0.109908521338425     
   5.70832541666667        5.10765958333333      -0.103875694779162     
   5.70832541666667        5.40799250000000      -9.810765796965158E-002
   5.70832541666667        5.70832541666667      -9.262773472107377E-002
   5.70832541666667        6.00865833333333      -8.739692779058460E-002
   5.70832541666667        6.30899125000000      -8.240892687080575E-002
   5.70832541666667        6.60932416666667      -7.763417322836072E-002
   5.70832541666667        6.90965708333333      -7.302134853476135E-002
   5.70832541666667        7.20999000000000      -6.853168580487047E-002
   6.00865833333333       2.000000000000000E-003 -0.109254591779051     
   6.00865833333333       0.302332916666667      -0.113356735620288     
   6.00865833333333       0.602665833333333      -0.117077828120884     
   6.00865833333333       0.902998750000000      -0.120471403700489     
   6.00865833333333        1.20333166666667      -0.123430238893498     
   6.00865833333333        1.50366458333333      -0.125940955322048     
   6.00865833333333        1.80399750000000      -0.127905057494347     
   6.00865833333333        2.10433041666667      -0.129175218037227     
   6.00865833333333        2.40466333333333      -0.129673760098494     
   6.00865833333333        2.70499625000000      -0.129243521144633     
   6.00865833333333        3.00532916666667      -0.127803488177892     
   6.00865833333333        3.30566208333333      -0.125365127481476     
   6.00865833333333        3.60599500000000      -0.121995820310432     
   6.00865833333333        3.90632791666667      -0.117756692485801     
   6.00865833333333        4.20666083333333      -0.112795535582635     
   6.00865833333333        4.50699375000000      -0.107443392217064     
   6.00865833333333        4.80732666666667      -0.102058874278814     
   6.00865833333333        5.10765958333333      -9.687810302107884E-002
   6.00865833333333        5.40799250000000      -9.199235489590077E-002
   6.00865833333333        5.70832541666667      -8.739694029125893E-002
   6.00865833333333        6.00865833333333      -8.303737781131830E-002
   6.00865833333333        6.30899125000000      -7.883844658018614E-002
   6.00865833333333        6.60932416666667      -7.471970224738350E-002
   6.00865833333333        6.90965708333333      -7.063270253360032E-002
   6.00865833333333        7.20999000000000      -6.656932865412658E-002
   6.30899125000000       2.000000000000000E-003 -0.104557817518677     
   6.30899125000000       0.302332916666667      -0.107024181640386     
   6.30899125000000       0.602665833333333      -0.109876533421646     
   6.30899125000000       0.902998750000000      -0.112529534581232     
   6.30899125000000        1.20333166666667      -0.114628822023855     
   6.30899125000000        1.50366458333333      -0.116336706462963     
   6.30899125000000        1.80399750000000      -0.117660757486969     
   6.30899125000000        2.10433041666667      -0.118442110679411     
   6.30899125000000        2.40466333333333      -0.118604642417585     
   6.30899125000000        2.70499625000000      -0.118015483568721     
   6.30899125000000        3.00532916666667      -0.116588231432611     
   6.30899125000000        3.30566208333333      -0.114451597996571     
   6.30899125000000        3.60599500000000      -0.111741010600651     
   6.30899125000000        3.90632791666667      -0.108349858809812     
   6.30899125000000        4.20666083333333      -0.104186745291485     
   6.30899125000000        4.50699375000000      -9.952478641858668E-002
   6.30899125000000        4.80732666666667      -9.483790933777150E-002
   6.30899125000000        5.10765958333333      -9.037337255744886E-002
   6.30899125000000        5.40799250000000      -8.621884443565798E-002
   6.30899125000000        5.70832541666667      -8.240896333932864E-002
   6.30899125000000        6.00865833333333      -7.883849020087566E-002
   6.30899125000000        6.30899125000000      -7.536062203072277E-002
   6.30899125000000        6.60932416666667      -7.183566350242061E-002
   6.30899125000000        6.90965708333333      -6.824804911619177E-002
   6.30899125000000        7.20999000000000      -6.465801679828334E-002
   6.60932416666667       2.000000000000000E-003 -9.870496405513593E-002
   6.60932416666667       0.302332916666667      -9.972737035726666E-002
   6.60932416666667       0.602665833333333      -0.102780818380856     
   6.60932416666667       0.902998750000000      -0.105016451804060     
   6.60932416666667        1.20333166666667      -0.106321551932054     
   6.60932416666667        1.50366458333333      -0.107316516720166     
   6.60932416666667        1.80399750000000      -0.108082204934893     
   6.60932416666667        2.10433041666667      -0.108462624607115     
   6.60932416666667        2.40466333333333      -0.108339456442584     
   6.60932416666667        2.70499625000000      -0.107570382260714     
   6.60932416666667        3.00532916666667      -0.106149420782119     
   6.60932416666667        3.30566208333333      -0.104391576461704     
   6.60932416666667        3.60599500000000      -0.102570540185620     
   6.60932416666667        3.90632791666667      -0.100164218522563     
   6.60932416666667        4.20666083333333      -9.671332160851133E-002
   6.60932416666667        4.50699375000000      -9.254696081994675E-002
   6.60932416666667        4.80732666666667      -8.834866872963110E-002
   6.60932416666667        5.10765958333333      -8.438188686248435E-002
   6.60932416666667        5.40799250000000      -8.080821090406863E-002
   6.60932416666667        5.70832541666667      -7.763432749779879E-002
   6.60932416666667        6.00865833333333      -7.471988867073594E-002
   6.60932416666667        6.30899125000000      -7.183582384503312E-002
   6.60932416666667        6.60932416666667      -6.874085228278198E-002
   6.60932416666667        6.90965708333333      -6.556053744051268E-002
   6.60932416666667        7.20999000000000      -6.260231303343489E-002
   6.90965708333333       2.000000000000000E-003 -9.436633604278702E-002
   6.90965708333333       0.302332916666667      -9.436777144862468E-002
   6.90965708333333       0.602665833333333      -9.637447984589111E-002
   6.90965708333333       0.902998750000000      -9.744285700516489E-002
   6.90965708333333        1.20333166666667      -9.808031103057252E-002
   6.90965708333333        1.50366458333333      -9.866184533607632E-002
   6.90965708333333        1.80399750000000      -9.911997894151123E-002
   6.90965708333333        2.10433041666667      -9.929355509625064E-002
   6.90965708333333        2.40466333333333      -9.908816422834478E-002
   6.90965708333333        2.70499625000000      -9.841979796541460E-002
   6.90965708333333        3.00532916666667      -9.739563552243695E-002
   6.90965708333333        3.30566208333333      -9.650269356575136E-002
   6.90965708333333        3.60599500000000      -9.590616267551992E-002
   6.90965708333333        3.90632791666667      -9.389496025960598E-002
   6.90965708333333        4.20666083333333      -9.062766163847258E-002
   6.90965708333333        4.50699375000000      -8.652332112170701E-002
   6.90965708333333        4.80732666666667      -8.248387659750565E-002
   6.90965708333333        5.10765958333333      -7.885314350507945E-002
   6.90965708333333        5.40799250000000      -7.570223812293671E-002
   6.90965708333333        5.70832541666667      -7.302173801325186E-002
   6.90965708333333        6.00865833333333      -7.063313265169778E-002
   6.90965708333333        6.30899125000000      -6.824848511421468E-002
   6.90965708333333        6.60932416666667      -6.556086770256966E-002
   6.90965708333333        6.90965708333333      -6.297230834994441E-002
   6.90965708333333        7.20999000000000      -6.096178082208466E-002
   7.20999000000000       2.000000000000000E-003 -9.084591411590845E-002
   7.20999000000000       0.302332916666667      -9.066215858267145E-002
   7.20999000000000       0.602665833333333      -8.934725565556102E-002
   7.20999000000000       0.902998750000000      -8.935960446165778E-002
   7.20999000000000        1.20333166666667      -8.983628139296150E-002
   7.20999000000000        1.50366458333333      -9.038857251292561E-002
   7.20999000000000        1.80399750000000      -9.081074120940005E-002
   7.20999000000000        2.10433041666667      -9.099767646444554E-002
   7.20999000000000        2.40466333333333      -9.097538306688648E-002
   7.20999000000000        2.70499625000000      -9.083050740114611E-002
   7.20999000000000        3.00532916666667      -9.077116178827417E-002
   7.20999000000000        3.30566208333333      -9.098079303977651E-002
   7.20999000000000        3.60599500000000      -9.078312433406124E-002
   7.20999000000000        3.90632791666667      -8.831689383230433E-002
   7.20999000000000        4.20666083333333      -8.520328392337480E-002
   7.20999000000000        4.50699375000000      -8.099732328343381E-002
   7.20999000000000        4.80732666666667      -7.700147673833015E-002
   7.20999000000000        5.10765958333333      -7.361700176641918E-002
   7.20999000000000        5.40799250000000      -7.082053790742801E-002
   7.20999000000000        5.70832541666667      -6.853239842167007E-002
   7.20999000000000        6.00865833333333      -6.657006232370648E-002
   7.20999000000000        6.30899125000000      -6.465877274555219E-002
   7.20999000000000        6.60932416666667      -6.260302597260888E-002
   7.20999000000000        6.90965708333333      -6.096211321998678E-002
   7.20999000000000        7.20999000000000      -5.908298877057112E-002
