  2.000000000000000E-003  2.000000000000000E-003 -0.152173235196137     
  2.000000000000000E-003  0.302332916666667      -0.151383978772837     
  2.000000000000000E-003  0.602665833333333      -0.150480396296458     
  2.000000000000000E-003  0.902998750000000      -0.152723217299866     
  2.000000000000000E-003   1.20333166666667      -0.154801950648118     
  2.000000000000000E-003   1.50366458333333      -0.155949617072586     
  2.000000000000000E-003   1.80399750000000      -0.156137434086459     
  2.000000000000000E-003   2.10433041666667      -0.155478831341522     
  2.000000000000000E-003   2.40466333333333      -0.154096210435097     
  2.000000000000000E-003   2.70499625000000      -0.152176726083552     
  2.000000000000000E-003   3.00532916666667      -0.150276635389886     
  2.000000000000000E-003   3.30566208333333      -0.148941049797755     
  2.000000000000000E-003   3.60599500000000      -0.146692180243113     
  2.000000000000000E-003   3.90632791666667      -0.140043645622995     
  2.000000000000000E-003   4.20666083333333      -0.132407316682032     
  2.000000000000000E-003   4.50699375000000      -0.122866837428913     
  2.000000000000000E-003   4.80732666666667      -0.113989635374149     
  2.000000000000000E-003   5.10765958333333      -0.106620352504347     
  2.000000000000000E-003   5.40799250000000      -0.100773844462861     
  2.000000000000000E-003   5.70832541666667      -9.621374855843652E-002
  2.000000000000000E-003   6.00865833333333      -9.249293365207455E-002
  2.000000000000000E-003   6.30899125000000      -8.899582586786260E-002
  2.000000000000000E-003   6.60932416666667      -8.523996568188215E-002
  2.000000000000000E-003   6.90965708333333      -8.207150778159777E-002
  2.000000000000000E-003   7.20999000000000      -7.887538602376484E-002
  0.302332916666667       2.000000000000000E-003 -0.158983878329703     
  0.302332916666667       0.302332916666667      -0.158349728397324     
  0.302332916666667       0.602665833333333      -0.161727930536824     
  0.302332916666667       0.902998750000000      -0.167650715615908     
  0.302332916666667        1.20333166666667      -0.171428518289018     
  0.302332916666667        1.50366458333333      -0.173249264500747     
  0.302332916666667        1.80399750000000      -0.173600066619438     
  0.302332916666667        2.10433041666667      -0.172708871801153     
  0.302332916666667        2.40466333333333      -0.170660433363827     
  0.302332916666667        2.70499625000000      -0.167264782443936     
  0.302332916666667        3.00532916666667      -0.162731106957992     
  0.302332916666667        3.30566208333333      -0.158182375957767     
  0.302332916666667        3.60599500000000      -0.154525826625406     
  0.302332916666667        3.90632791666667      -0.148810080897562     
  0.302332916666667        4.20666083333333      -0.140743723559813     
  0.302332916666667        4.50699375000000      -0.131238699133302     
  0.302332916666667        4.80732666666667      -0.122225059989496     
  0.302332916666667        5.10765958333333      -0.114376643755150     
  0.302332916666667        5.40799250000000      -0.107815985275318     
  0.302332916666667        5.70832541666667      -0.102449401775901     
  0.302332916666667        6.00865833333333      -9.782566488751351E-002
  0.302332916666667        6.30899125000000      -9.331674690986808E-002
  0.302332916666667        6.60932416666667      -8.834202848073873E-002
  0.302332916666667        6.90965708333333      -8.377665484761349E-002
  0.302332916666667        7.20999000000000      -8.045641073861635E-002
  0.602665833333333       2.000000000000000E-003 -0.167226847372507     
  0.602665833333333       0.302332916666667      -0.173376812162944     
  0.602665833333333       0.602665833333333      -0.179619135704323     
  0.602665833333333       0.902998750000000      -0.185853504225700     
  0.602665833333333        1.20333166666667      -0.190206281240152     
  0.602665833333333        1.50366458333333      -0.192585179400234     
  0.602665833333333        1.80399750000000      -0.193213686294119     
  0.602665833333333        2.10433041666667      -0.192264710232369     
  0.602665833333333        2.40466333333333      -0.189892357220838     
  0.602665833333333        2.70499625000000      -0.185807494297845     
  0.602665833333333        3.00532916666667      -0.179796744054604     
  0.602665833333333        3.30566208333333      -0.172653870728127     
  0.602665833333333        3.60599500000000      -0.165617861273565     
  0.602665833333333        3.90632791666667      -0.158255681890333     
  0.602665833333333        4.20666083333333      -0.149492165407762     
  0.602665833333333        4.50699375000000      -0.139850957530402     
  0.602665833333333        4.80732666666667      -0.130682592207837     
  0.602665833333333        5.10765958333333      -0.122288243530478     
  0.602665833333333        5.40799250000000      -0.114990630554878     
  0.602665833333333        5.70832541666667      -0.108723932189757     
  0.602665833333333        6.00865833333333      -0.103090834631580     
  0.602665833333333        6.30899125000000      -9.761956893564706E-002
  0.602665833333333        6.60932416666667      -9.196154695032135E-002
  0.602665833333333        6.90965708333333      -8.648142206604136E-002
  0.602665833333333        7.20999000000000      -8.154274319273684E-002
  0.902998750000000       2.000000000000000E-003 -0.178461780190112     
  0.902998750000000       0.302332916666667      -0.188824410300899     
  0.902998750000000       0.602665833333333      -0.197562627534588     
  0.902998750000000       0.902998750000000      -0.204840762575415     
  0.902998750000000        1.20333166666667      -0.210291327576045     
  0.902998750000000        1.50366458333333      -0.213655094769018     
  0.902998750000000        1.80399750000000      -0.214854544271180     
  0.902998750000000        2.10433041666667      -0.214023154962792     
  0.902998750000000        2.40466333333333      -0.211586174962640     
  0.902998750000000        2.70499625000000      -0.207178127692493     
  0.902998750000000        3.00532916666667      -0.200477955865039     
  0.902998750000000        3.30566208333333      -0.191839026360593     
  0.902998750000000        3.60599500000000      -0.182072601859413     
  0.902998750000000        3.90632791666667      -0.171624311979957     
  0.902998750000000        4.20666083333333      -0.160652686792655     
  0.902998750000000        4.50699375000000      -0.149764711844808     
  0.902998750000000        4.80732666666667      -0.139667089894719     
  0.902998750000000        5.10765958333333      -0.130483452147743     
  0.902998750000000        5.40799250000000      -0.122265101455166     
  0.902998750000000        5.70832541666667      -0.114977127988824     
  0.902998750000000        6.00865833333333      -0.108252007273473     
  0.902998750000000        6.30899125000000      -0.101798735086189     
  0.902998750000000        6.60932416666667      -9.546527980431523E-002
  0.902998750000000        6.90965708333333      -8.929090378394228E-002
  0.902998750000000        7.20999000000000      -8.333733269358351E-002
   1.20333166666667       2.000000000000000E-003 -0.189020757361503     
   1.20333166666667       0.302332916666667      -0.202259698579558     
   1.20333166666667       0.602665833333333      -0.214016597680410     
   1.20333166666667       0.902998750000000      -0.223999495361510     
   1.20333166666667        1.20333166666667      -0.231745102308059     
   1.20333166666667        1.50366458333333      -0.236764376725511     
   1.20333166666667        1.80399750000000      -0.238791943201459     
   1.20333166666667        2.10433041666667      -0.238245195946791     
   1.20333166666667        2.40466333333333      -0.235541174258469     
   1.20333166666667        2.70499625000000      -0.230338408955784     
   1.20333166666667        3.00532916666667      -0.222535583015693     
   1.20333166666667        3.30566208333333      -0.212340090910971     
   1.20333166666667        3.60599500000000      -0.200247900097607     
   1.20333166666667        3.90632791666667      -0.186998854137308     
   1.20333166666667        4.20666083333333      -0.173513162885082     
   1.20333166666667        4.50699375000000      -0.160743115687859     
   1.20333166666667        4.80732666666667      -0.149197057323820     
   1.20333166666667        5.10765958333333      -0.138884485753368     
   1.20333166666667        5.40799250000000      -0.129587502746506     
   1.20333166666667        5.70832541666667      -0.121136599974529     
   1.20333166666667        6.00865833333333      -0.113226610289025     
   1.20333166666667        6.30899125000000      -0.105689499264752     
   1.20333166666667        6.60932416666667      -9.849520799712953E-002
   1.20333166666667        6.90965708333333      -9.164593144584149E-002
   1.20333166666667        7.20999000000000      -8.512142754352030E-002
   1.50366458333333       2.000000000000000E-003 -0.200699407961972     
   1.50366458333333       0.302332916666667      -0.216661956828512     
   1.50366458333333       0.602665833333333      -0.231791100149584     
   1.50366458333333       0.902998750000000      -0.245316763127996     
   1.50366458333333        1.20333166666667      -0.256151920735464     
   1.50366458333333        1.50366458333333      -0.263235286644209     
   1.50366458333333        1.80399750000000      -0.266208290396676     
   1.50366458333333        2.10433041666667      -0.265662030435439     
   1.50366458333333        2.40466333333333      -0.261817420571458     
   1.50366458333333        2.70499625000000      -0.254916970986741     
   1.50366458333333        3.00532916666667      -0.245206221930092     
   1.50366458333333        3.30566208333333      -0.232940039388620     
   1.50366458333333        3.60599500000000      -0.218571640618838     
   1.50366458333333        3.90632791666667      -0.202925794942364     
   1.50366458333333        4.20666083333333      -0.187140767271394     
   1.50366458333333        4.50699375000000      -0.172307574498616     
   1.50366458333333        4.80732666666667      -0.159042939876957     
   1.50366458333333        5.10765958333333      -0.147346341477275     
   1.50366458333333        5.40799250000000      -0.136834929588740     
   1.50366458333333        5.70832541666667      -0.127132346638760     
   1.50366458333333        6.00865833333333      -0.117994171881256     
   1.50366458333333        6.30899125000000      -0.109341333682403     
   1.50366458333333        6.60932416666667      -0.101256882893187     
   1.50366458333333        6.90965708333333      -9.378439802387641E-002
   1.50366458333333        7.20999000000000      -8.685145244676627E-002
   1.80399750000000       2.000000000000000E-003 -0.215985736873054     
   1.80399750000000       0.302332916666667      -0.235089844427559     
   1.80399750000000       0.602665833333333      -0.253981839256437     
   1.80399750000000       0.902998750000000      -0.271491653546469     
   1.80399750000000        1.20333166666667      -0.285786392776751     
   1.80399750000000        1.50366458333333      -0.295139567161715     
   1.80399750000000        1.80399750000000      -0.298870173171686     
   1.80399750000000        2.10433041666667      -0.297089574597910     
   1.80399750000000        2.40466333333333      -0.290642224704012     
   1.80399750000000        2.70499625000000      -0.280672169595580     
   1.80399750000000        3.00532916666667      -0.268059177843500     
   1.80399750000000        3.30566208333333      -0.253252734355541     
   1.80399750000000        3.60599500000000      -0.236590844293296     
   1.80399750000000        3.90632791666667      -0.218732088833388     
   1.80399750000000        4.20666083333333      -0.200763605992484     
   1.80399750000000        4.50699375000000      -0.183866883115241     
   1.80399750000000        4.80732666666667      -0.168799738475667     
   1.80399750000000        5.10765958333333      -0.155614108443296     
   1.80399750000000        5.40799250000000      -0.143830281174484     
   1.80399750000000        5.70832541666667      -0.132899172014609     
   1.80399750000000        6.00865833333333      -0.122560777465406     
   1.80399750000000        6.30899125000000      -0.112843782648318     
   1.80399750000000        6.60932416666667      -0.103927368032854     
   1.80399750000000        6.90965708333333      -9.589663635555255E-002
   1.80399750000000        7.20999000000000      -8.862030476808981E-002
   2.10433041666667       2.000000000000000E-003 -0.237018115948451     
   2.10433041666667       0.302332916666667      -0.260032902046642     
   2.10433041666667       0.602665833333333      -0.283187070563904     
   2.10433041666667       0.902998750000000      -0.304925837385824     
   2.10433041666667        1.20333166666667      -0.322663169167734     
   2.10433041666667        1.50366458333333      -0.333976574053173     
   2.10433041666667        1.80399750000000      -0.337315523066143     
   2.10433041666667        2.10433041666667      -0.332762307703561     
   2.10433041666667        2.40466333333333      -0.321996587046603     
   2.10433041666667        2.70499625000000      -0.307338119432223     
   2.10433041666667        3.00532916666667      -0.290596827986827     
   2.10433041666667        3.30566208333333      -0.272572736398169     
   2.10433041666667        3.60599500000000      -0.253444292129894     
   2.10433041666667        3.90632791666667      -0.233509330335736     
   2.10433041666667        4.20666083333333      -0.213582788974929     
   2.10433041666667        4.50699375000000      -0.194796689568023     
   2.10433041666667        4.80732666666667      -0.178014390005895     
   2.10433041666667        5.10765958333333      -0.163377030612118     
   2.10433041666667        5.40799250000000      -0.150372661829488     
   2.10433041666667        5.70832541666667      -0.138332879273995     
   2.10433041666667        6.00865833333333      -0.126921761549199     
   2.10433041666667        6.30899125000000      -0.116247317403156     
   2.10433041666667        6.60932416666667      -0.106590666213665     
   2.10433041666667        6.90965708333333      -9.807905301424411E-002
   2.10433041666667        7.20999000000000      -9.050090029385029E-002
   2.40466333333333       2.000000000000000E-003 -0.265816844250882     
   2.40466333333333       0.302332916666667      -0.293559685710761     
   2.40466333333333       0.602665833333333      -0.321480279309488     
   2.40466333333333       0.902998750000000      -0.346735254472157     
   2.40466333333333        1.20333166666667      -0.366723899015126     
   2.40466333333333        1.50366458333333      -0.378656824320204     
   2.40466333333333        1.80399750000000      -0.380272843421704     
   2.40466333333333        2.10433041666667      -0.371544187599300     
   2.40466333333333        2.40466333333333      -0.354972627734983     
   2.40466333333333        2.70499625000000      -0.334210362588784     
   2.40466333333333        3.00532916666667      -0.312221036580972     
   2.40466333333333        3.30566208333333      -0.290308189936974     
   2.40466333333333        3.60599500000000      -0.268496254752982     
   2.40466333333333        3.90632791666667      -0.246597136910451     
   2.40466333333333        4.20666083333333      -0.224976377264327     
   2.40466333333333        4.50699375000000      -0.204571306480491     
   2.40466333333333        4.80732666666667      -0.186278922987946     
   2.40466333333333        5.10765958333333      -0.170331773973674     
   2.40466333333333        5.40799250000000      -0.156231984379992     
   2.40466333333333        5.70832541666667      -0.143237476315649     
   2.40466333333333        6.00865833333333      -0.130942387986046     
   2.40466333333333        6.30899125000000      -0.119477423150784     
   2.40466333333333        6.60932416666667      -0.109222840570516     
   2.40466333333333        6.90965708333333      -0.100338515067697     
   2.40466333333333        7.20999000000000      -9.255174955171466E-002
   2.70499625000000       2.000000000000000E-003 -0.303922858261315     
   2.70499625000000       0.302332916666667      -0.337058111546414     
   2.70499625000000       0.602665833333333      -0.370469727941145     
   2.70499625000000       0.902998750000000      -0.397581833266865     
   2.70499625000000        1.20333166666667      -0.415747531706878     
   2.70499625000000        1.50366458333333      -0.425726982893337     
   2.70499625000000        1.80399750000000      -0.424187756130193     
   2.70499625000000        2.10433041666667      -0.410365274236597     
   2.70499625000000        2.40466333333333      -0.387240064682991     
   2.70499625000000        2.70499625000000      -0.359698990286517     
   2.70499625000000        3.00532916666667      -0.331914930353735     
   2.70499625000000        3.30566208333333      -0.305798887651658     
   2.70499625000000        3.60599500000000      -0.281250882560124     
   2.70499625000000        3.90632791666667      -0.257536191201940     
   2.70499625000000        4.20666083333333      -0.234490751553014     
   2.70499625000000        4.50699375000000      -0.212773630116209     
   2.70499625000000        4.80732666666667      -0.193241997124747     
   2.70499625000000        5.10765958333333      -0.176195277446517     
   2.70499625000000        5.40799250000000      -0.161173123660445     
   2.70499625000000        5.70832541666667      -0.147393254862965     
   2.70499625000000        6.00865833333333      -0.134389337369473     
   2.70499625000000        6.30899125000000      -0.122296909163886     
   2.70499625000000        6.60932416666667      -0.111573303073736     
   2.70499625000000        6.90965708333333      -0.102523790457245     
   2.70499625000000        7.20999000000000      -9.480870394674930E-002
   3.00532916666667       2.000000000000000E-003 -0.348502413189078     
   3.00532916666667       0.302332916666667      -0.387582385573641     
   3.00532916666667       0.602665833333333      -0.425867406999090     
   3.00532916666667       0.902998750000000      -0.454260669485871     
   3.00532916666667        1.20333166666667      -0.465324209653560     
   3.00532916666667        1.50366458333333      -0.469237428934885     
   3.00532916666667        1.80399750000000      -0.463311099689615     
   3.00532916666667        2.10433041666667      -0.444337677313707     
   3.00532916666667        2.40466333333333      -0.415064388271905     
   3.00532916666667        2.70499625000000      -0.381253799309231     
   3.00532916666667        3.00532916666667      -0.348128751584645     
   3.00532916666667        3.30566208333333      -0.318190841552882     
   3.00532916666667        3.60599500000000      -0.291224540004485     
   3.00532916666667        3.90632791666667      -0.265958108292694     
   3.00532916666667        4.20666083333333      -0.241759671673760     
   3.00532916666667        4.50699375000000      -0.219038177638826     
   3.00532916666667        4.80732666666667      -0.198570415193029     
   3.00532916666667        5.10765958333333      -0.180683760097853     
   3.00532916666667        5.40799250000000      -0.164953431845530     
   3.00532916666667        5.70832541666667      -0.150573317355645     
   3.00532916666667        6.00865833333333      -0.137016206721883     
   3.00532916666667        6.30899125000000      -0.124391088029387     
   3.00532916666667        6.60932416666667      -0.113282241138133     
   3.00532916666667        6.90965708333333      -0.104313870928557     
   3.00532916666667        7.20999000000000      -9.704285775111533E-002
   3.30566208333333       2.000000000000000E-003 -0.386273996684686     
   3.30566208333333       0.302332916666667      -0.432454828902628     
   3.30566208333333       0.602665833333333      -0.474318448664362     
   3.30566208333333       0.902998750000000      -0.501009718630956     
   3.30566208333333        1.20333166666667      -0.506088636697149     
   3.30566208333333        1.50366458333333      -0.501043976547628     
   3.30566208333333        1.80399750000000      -0.490770370185425     
   3.30566208333333        2.10433041666667      -0.467822481055396     
   3.30566208333333        2.40466333333333      -0.434121688361366     
   3.30566208333333        2.70499625000000      -0.395866929079574     
   3.30566208333333        3.00532916666667      -0.358989632730146     
   3.30566208333333        3.30566208333333      -0.326416421995343     
   3.30566208333333        3.60599500000000      -0.297801094396860     
   3.30566208333333        3.90632791666667      -0.271428859154166     
   3.30566208333333        4.20666083333333      -0.246402105071725     
   3.30566208333333        4.50699375000000      -0.223004990791776     
   3.30566208333333        4.80732666666667      -0.201937408727143     
   3.30566208333333        5.10765958333333      -0.183518900795975     
   3.30566208333333        5.40799250000000      -0.167338929050174     
   3.30566208333333        5.70832541666667      -0.152570980750048     
   3.30566208333333        6.00865833333333      -0.138612813659962     
   3.30566208333333        6.30899125000000      -0.125573026984409     
   3.30566208333333        6.60932416666667      -0.114112668676688     
   3.30566208333333        6.90965708333333      -0.105339628164373     
   3.30566208333333        7.20999000000000      -9.850816805294013E-002
   3.60599500000000       2.000000000000000E-003 -0.401579588255999     
   3.60599500000000       0.302332916666667      -0.451643672021439     
   3.60599500000000       0.602665833333333      -0.494428404825340     
   3.60599500000000       0.902998750000000      -0.519546209711979     
   3.60599500000000        1.20333166666667      -0.522159796764425     
   3.60599500000000        1.50366458333333      -0.512890634767911     
   3.60599500000000        1.80399750000000      -0.500706084456510     
   3.60599500000000        2.10433041666667      -0.476240689551889     
   3.60599500000000        2.40466333333333      -0.440920469178293     
   3.60599500000000        2.70499625000000      -0.401059241922984     
   3.60599500000000        3.00532916666667      -0.362839833058830     
   3.60599500000000        3.30566208333333      -0.329345019957882     
   3.60599500000000        3.60599500000000      -0.300156926646745     
   3.60599500000000        3.90632791666667      -0.273366386440932     
   3.60599500000000        4.20666083333333      -0.248016036361379     
   3.60599500000000        4.50699375000000      -0.224369259442956     
   3.60599500000000        4.80732666666667      -0.203091348530307     
   3.60599500000000        5.10765958333333      -0.184490368810009     
   3.60599500000000        5.40799250000000      -0.168156032049021     
   3.60599500000000        5.70832541666667      -0.153251762242227     
   3.60599500000000        6.00865833333333      -0.139139741455649     
   3.60599500000000        6.30899125000000      -0.125933227264633     
   3.60599500000000        6.60932416666667      -0.114306401381992     
   3.60599500000000        6.90965708333333      -0.105796584857488     
   3.60599500000000        7.20999000000000      -9.950571632334453E-002
   3.90632791666667       2.000000000000000E-003 -0.386259803729988     
   3.90632791666667       0.302332916666667      -0.432423052321450     
   3.90632791666667       0.602665833333333      -0.474290829413251     
   3.90632791666667       0.902998750000000      -0.500993324036906     
   3.90632791666667        1.20333166666667      -0.506081819994305     
   3.90632791666667        1.50366458333333      -0.501042552123549     
   3.90632791666667        1.80399750000000      -0.490771725028946     
   3.90632791666667        2.10433041666667      -0.467825303774747     
   3.90632791666667        2.40466333333333      -0.434125213264996     
   3.90632791666667        2.70499625000000      -0.395870558649726     
   3.90632791666667        3.00532916666667      -0.358993117696713     
   3.90632791666667        3.30566208333333      -0.326419753803746     
   3.90632791666667        3.60599500000000      -0.297804239304346     
   3.90632791666667        3.90632791666667      -0.271431883464436     
   3.90632791666667        4.20666083333333      -0.246404900675481     
   3.90632791666667        4.50699375000000      -0.223007536385982     
   3.90632791666667        4.80732666666667      -0.201939727448753     
   3.90632791666667        5.10765958333333      -0.183521135109122     
   3.90632791666667        5.40799250000000      -0.167341264019116     
   3.90632791666667        5.70832541666667      -0.152573625464694     
   3.90632791666667        6.00865833333333      -0.138615848628745     
   3.90632791666667        6.30899125000000      -0.125576505332877     
   3.90632791666667        6.60932416666667      -0.114116384098206     
   3.90632791666667        6.90965708333333      -0.105342621320009     
   3.90632791666667        7.20999000000000      -9.850661169725605E-002
   4.20666083333333       2.000000000000000E-003 -0.348478793358782     
   4.20666083333333       0.302332916666667      -0.387544351480221     
   4.20666083333333       0.602665833333333      -0.425833091116145     
   4.20666083333333       0.902998750000000      -0.454239857033220     
   4.20666083333333        1.20333166666667      -0.465316494957444     
   4.20666083333333        1.50366458333333      -0.469237466523043     
   4.20666083333333        1.80399750000000      -0.463315590595861     
   4.20666083333333        2.10433041666667      -0.444344623749936     
   4.20666083333333        2.40466333333333      -0.415072237581382     
   4.20666083333333        2.70499625000000      -0.381261600828562     
   4.20666083333333        3.00532916666667      -0.348136017369126     
   4.20666083333333        3.30566208333333      -0.318197537482027     
   4.20666083333333        3.60599500000000      -0.291230744293294     
   4.20666083333333        3.90632791666667      -0.265963937864463     
   4.20666083333333        4.20666083333333      -0.241765065635994     
   4.20666083333333        4.50699375000000      -0.219043092735307     
   4.20666083333333        4.80732666666667      -0.198574933940103     
   4.20666083333333        5.10765958333333      -0.180688143809466     
   4.20666083333333        5.40799250000000      -0.164958074647548     
   4.20666083333333        5.70832541666667      -0.150578581461872     
   4.20666083333333        6.00865833333333      -0.137022288135704     
   4.20666083333333        6.30899125000000      -0.124397913439223     
   4.20666083333333        6.60932416666667      -0.113289022384929     
   4.20666083333333        6.90965708333333      -0.104318367848226     
   4.20666083333333        7.20999000000000      -9.704211370801608E-002
   4.50699375000000       2.000000000000000E-003 -0.303901603538070     
   4.50699375000000       0.302332916666667      -0.337029396209427     
   4.50699375000000       0.602665833333333      -0.370444612792752     
   4.50699375000000       0.902998750000000      -0.397568207089994     
   4.50699375000000        1.20333166666667      -0.415744760638336     
   4.50699375000000        1.50366458333333      -0.425731905457795     
   4.50699375000000        1.80399750000000      -0.424197701382841     
   4.50699375000000        2.10433041666667      -0.410377884238995     
   4.50699375000000        2.40466333333333      -0.387253335355011     
   4.50699375000000        2.70499625000000      -0.359711576644905     
   4.50699375000000        3.00532916666667      -0.331926228498671     
   4.50699375000000        3.30566208333333      -0.305808913084812     
   4.50699375000000        3.60599500000000      -0.281259934841814     
   4.50699375000000        3.90632791666667      -0.257544534818021     
   4.50699375000000        4.20666083333333      -0.234498485731538     
   4.50699375000000        4.50699375000000      -0.212780744897294     
   4.50699375000000        4.80732666666667      -0.193248625449012     
   4.50699375000000        5.10765958333333      -0.176201782245314     
   4.50699375000000        5.40799250000000      -0.161180081402331     
   4.50699375000000        5.70832541666667      -0.147401172563477     
   4.50699375000000        6.00865833333333      -0.134398509333274     
   4.50699375000000        6.30899125000000      -0.122307247606890     
   4.50699375000000        6.60932416666667      -0.111584054154378     
   4.50699375000000        6.90965708333333      -0.102533120326061     
   4.50699375000000        7.20999000000000      -9.481502450301772E-002
   4.80732666666667       2.000000000000000E-003 -0.265802260873042     
   4.80732666666667       0.302332916666667      -0.293543635345761     
   4.80732666666667       0.602665833333333      -0.321468768115911     
   4.80732666666667       0.902998750000000      -0.346731709780148     
   4.80732666666667        1.20333166666667      -0.366728617974200     
   4.80732666666667        1.50366458333333      -0.378668480568669     
   4.80732666666667        1.80399750000000      -0.380289339271381     
   4.80732666666667        2.10433041666667      -0.371563024180384     
   4.80732666666667        2.40466333333333      -0.354991512864887     
   4.80732666666667        2.70499625000000      -0.334227716762514     
   4.80732666666667        3.00532916666667      -0.312236181319456     
   4.80732666666667        3.30566208333333      -0.290321350253608     
   4.80732666666667        3.60599500000000      -0.268507913905275     
   4.80732666666667        3.90632791666667      -0.246607832631684     
   4.80732666666667        4.20666083333333      -0.224986347010055     
   4.80732666666667        4.50699375000000      -0.204580640202521     
   4.80732666666667        4.80732666666667      -0.186287772765407     
   4.80732666666667        5.10765958333333      -0.170340591250234     
   4.80732666666667        5.40799250000000      -0.156241417046898     
   4.80732666666667        5.70832541666667      -0.143248171615220     
   4.80732666666667        6.00865833333333      -0.130954758001782     
   4.80732666666667        6.30899125000000      -0.119491479594899     
   4.80732666666667        6.60932416666667      -0.109238131009176     
   4.80732666666667        6.90965708333333      -0.100354120353196     
   4.80732666666667        7.20999000000000      -9.256659119583460E-002
   5.10765958333333       2.000000000000000E-003 -0.237008695777727     
   5.10765958333333       0.302332916666667      -0.260025866255991     
   5.10765958333333       0.602665833333333      -0.283185227449233     
   5.10765958333333       0.902998750000000      -0.304930727336818     
   5.10765958333333        1.20333166666667      -0.322674967049331     
   5.10765958333333        1.50366458333333      -0.333994376770521     
   5.10765958333333        1.80399750000000      -0.337337552718505     
   5.10765958333333        2.10433041666667      -0.332786140225419     
   5.10765958333333        2.40466333333333      -0.322019858340736     
   5.10765958333333        2.70499625000000      -0.307359167050134     
   5.10765958333333        3.00532916666667      -0.290615037358047     
   5.10765958333333        3.30566208333333      -0.272588471602603     
   5.10765958333333        3.60599500000000      -0.253458345129456     
   5.10765958333333        3.90632791666667      -0.233522403465771     
   5.10765958333333        4.20666083333333      -0.213595196517268     
   5.10765958333333        4.50699375000000      -0.194808545274970     
   5.10765958333333        4.80732666666667      -0.178025867831564     
   5.10765958333333        5.10765958333333      -0.163388540422363     
   5.10765958333333        5.40799250000000      -0.150384868982483     
   5.10765958333333        5.70832541666667      -0.138346522748378     
   5.10765958333333        6.00865833333333      -0.126937417080095     
   5.10765958333333        6.30899125000000      -0.116265272793161     
   5.10765958333333        6.60932416666667      -0.106610814858698     
   5.10765958333333        6.90965708333333      -9.810070166022118E-002
   5.10765958333333        7.20999000000000      -9.052331810426811E-002
   5.40799250000000       2.000000000000000E-003 -0.215978489170868     
   5.40799250000000       0.302332916666667      -0.235087010302305     
   5.40799250000000       0.602665833333333      -0.253985428820799     
   5.40799250000000       0.902998750000000      -0.271502221228343     
   5.40799250000000        1.20333166666667      -0.285803094290199     
   5.40799250000000        1.50366458333333      -0.295160957761983     
   5.40799250000000        1.80399750000000      -0.298894840015394     
   5.40799250000000        2.10433041666667      -0.297115509032521     
   5.40799250000000        2.40466333333333      -0.290667279283265     
   5.40799250000000        2.70499625000000      -0.280694857093506     
   5.40799250000000        3.00532916666667      -0.268079046754242     
   5.40799250000000        3.30566208333333      -0.253270337024821     
   5.40799250000000        3.60599500000000      -0.236607077919800     
   5.40799250000000        3.90632791666667      -0.218747693680813     
   5.40799250000000        4.20666083333333      -0.200778888389822     
   5.40799250000000        4.50699375000000      -0.183881842392308     
   5.40799250000000        4.80732666666667      -0.168814407372714     
   5.40799250000000        5.10765958333333      -0.155628796519396     
   5.40799250000000        5.40799250000000      -0.143845584665051     
   5.40799250000000        5.70832541666667      -0.132915842752511     
   5.40799250000000        6.00865833333333      -0.122579568892595     
   5.40799250000000        6.30899125000000      -0.112865026511504     
   5.40799250000000        6.60932416666667      -0.103951043969374     
   5.40799250000000        6.90965708333333      -9.592251260157428E-002
   5.40799250000000        7.20999000000000      -8.864786820005666E-002
   5.70832541666667       2.000000000000000E-003 -0.200691985287444     
   5.70832541666667       0.302332916666667      -0.216659783930268     
   5.70832541666667       0.602665833333333      -0.231796217511565     
   5.70832541666667       0.902998750000000      -0.245329044698792     
   5.70832541666667        1.20333166666667      -0.256169754073760     
   5.70832541666667        1.50366458333333      -0.263256680201239     
   5.70832541666667        1.80399750000000      -0.266231755638008     
   5.70832541666667        2.10433041666667      -0.265686342776797     
   5.70832541666667        2.40466333333333      -0.261841047091898     
   5.70832541666667        2.70499625000000      -0.254938789594087     
   5.70832541666667        3.00532916666667      -0.245226070654452     
   5.70832541666667        3.30566208333333      -0.232958606425128     
   5.70832541666667        3.60599500000000      -0.218589880643904     
   5.70832541666667        3.90632791666667      -0.202944245544724     
   5.70832541666667        4.20666083333333      -0.187159396412141     
   5.70832541666667        4.50699375000000      -0.172326127086620     
   5.70832541666667        4.80732666666667      -0.159061251754914     
   5.70832541666667        5.10765958333333      -0.147364556334817     
   5.70832541666667        5.40799250000000      -0.136853476512346     
   5.70832541666667        5.70832541666667      -0.127151858822123     
   5.70832541666667        6.00865833333333      -0.118015147488174     
   5.70832541666667        6.30899125000000      -0.109364268165302     
   5.70832541666667        6.60932416666667      -0.101282268321483     
   5.70832541666667        6.90965708333333      -9.381247507125054E-002
   5.70832541666667        7.20999000000000      -8.688197679941352E-002
   6.00865833333333       2.000000000000000E-003 -0.189011326608151     
   6.00865833333333       0.302332916666667      -0.202255559706372     
   6.00865833333333       0.602665833333333      -0.214020359711037     
   6.00865833333333       0.902998750000000      -0.224010280655482     
   6.00865833333333        1.20333166666667      -0.231760364576625     
   6.00865833333333        1.50366458333333      -0.236781873925774     
   6.00865833333333        1.80399750000000      -0.238810480415045     
   6.00865833333333        2.10433041666667      -0.238264464327511     
   6.00865833333333        2.40466333333333      -0.235560427511399     
   6.00865833333333        2.70499625000000      -0.230356953816584     
   6.00865833333333        3.00532916666667      -0.222553620404603     
   6.00865833333333        3.30566208333333      -0.212358705291101     
   6.00865833333333        3.60599500000000      -0.200268122048879     
   6.00865833333333        3.90632791666667      -0.187020606180622     
   6.00865833333333        4.20666083333333      -0.173535621237354     
   6.00865833333333        4.50699375000000      -0.160765550650178     
   6.00865833333333        4.80732666666667      -0.149219164781149     
   6.00865833333333        5.10765958333333      -0.138906287568574     
   6.00865833333333        5.40799250000000      -0.129609242825287     
   6.00865833333333        5.70832541666667      -0.121158442233652     
   6.00865833333333        6.00865833333333      -0.113248898423313     
   6.00865833333333        6.30899125000000      -0.105713012831309     
   6.00865833333333        6.60932416666667      -9.852110501035038E-002
   6.00865833333333        6.90965708333333      -9.167492154253258E-002
   6.00865833333333        7.20999000000000      -8.515307718745439E-002
   6.30899125000000       2.000000000000000E-003 -0.178449602828536     
   6.30899125000000       0.302332916666667      -0.188817500167514     
   6.30899125000000       0.602665833333333      -0.197564410187785     
   6.30899125000000       0.902998750000000      -0.204848900553201     
   6.30899125000000        1.20333166666667      -0.210301982187752     
   6.30899125000000        1.50366458333333      -0.213666056348645     
   6.30899125000000        1.80399750000000      -0.214865430695503     
   6.30899125000000        2.10433041666667      -0.214034902928172     
   6.30899125000000        2.40466333333333      -0.211598936678278     
   6.30899125000000        2.70499625000000      -0.207191422362438     
   6.30899125000000        3.00532916666667      -0.200492371855174     
   6.30899125000000        3.30566208333333      -0.191856488194099     
   6.30899125000000        3.60599500000000      -0.182094648747476     
   6.30899125000000        3.90632791666667      -0.171650009253037     
   6.30899125000000        4.20666083333333      -0.160679529097643     
   6.30899125000000        4.50699375000000      -0.149791073923882     
   6.30899125000000        4.80732666666667      -0.139692705906724     
   6.30899125000000        5.10765958333333      -0.130508634342922     
   6.30899125000000        5.40799250000000      -0.122289847930854     
   6.30899125000000        5.70832541666667      -0.115001173582336     
   6.30899125000000        6.00865833333333      -0.108275521720123     
   6.30899125000000        6.30899125000000      -0.101822768732877     
   6.30899125000000        6.60932416666667      -9.549198857990661E-002
   6.30899125000000        6.90965708333333      -8.932142026847707E-002
   6.30899125000000        7.20999000000000      -8.336918209361666E-002
   6.60932416666667       2.000000000000000E-003 -0.167212566235532     
   6.60932416666667       0.302332916666667      -0.173369118924113     
   6.60932416666667       0.602665833333333      -0.179621828919807     
   6.60932416666667       0.902998750000000      -0.185860077301634     
   6.60932416666667        1.20333166666667      -0.190211774146047     
   6.60932416666667        1.50366458333333      -0.192588437084899     
   6.60932416666667        1.80399750000000      -0.193215769705019     
   6.60932416666667        2.10433041666667      -0.192267694984121     
   6.60932416666667        2.40466333333333      -0.189897658043015     
   6.60932416666667        2.70499625000000      -0.185814527208006     
   6.60932416666667        3.00532916666667      -0.179806477233708     
   6.60932416666667        3.30566208333333      -0.172668680138295     
   6.60932416666667        3.60599500000000      -0.165640699313310     
   6.60932416666667        3.90632791666667      -0.158284682324508     
   6.60932416666667        4.20666083333333      -0.149522336579570     
   6.60932416666667        4.50699375000000      -0.139880319107541     
   6.60932416666667        4.80732666666667      -0.130710905352819     
   6.60932416666667        5.10765958333333      -0.122316304587087     
   6.60932416666667        5.40799250000000      -0.115018271641246     
   6.60932416666667        5.70832541666667      -0.108750675691526     
   6.60932416666667        6.00865833333333      -0.103116633299291     
   6.60932416666667        6.30899125000000      -9.764566530916709E-002
   6.60932416666667        6.60932416666667      -9.199144355057098E-002
   6.60932416666667        6.90965708333333      -8.651726216662275E-002
   6.60932416666667        7.20999000000000      -8.157617391986162E-002
   6.90965708333333       2.000000000000000E-003 -0.158968976135207     
   6.90965708333333       0.302332916666667      -0.158347343737895     
   6.90965708333333       0.602665833333333      -0.161736485384556     
   6.90965708333333       0.902998750000000      -0.167656787175532     
   6.90965708333333        1.20333166666667      -0.171428318718866     
   6.90965708333333        1.50366458333333      -0.173244202325552     
   6.90965708333333        1.80399750000000      -0.173593073474213     
   6.90965708333333        2.10433041666667      -0.172703233107713     
   6.90965708333333        2.40466333333333      -0.170658490321882     
   6.90965708333333        2.70499625000000      -0.167266695245544     
   6.90965708333333        3.00532916666667      -0.162737172959857     
   6.90965708333333        3.30566208333333      -0.158193298194058     
   6.90965708333333        3.60599500000000      -0.154545754235936     
   6.90965708333333        3.90632791666667      -0.148837922490954     
   6.90965708333333        4.20666083333333      -0.140772687924906     
   6.90965708333333        4.50699375000000      -0.131267769166501     
   6.90965708333333        4.80732666666667      -0.122254411608453     
   6.90965708333333        5.10765958333333      -0.114406592405043     
   6.90965708333333        5.40799250000000      -0.107846342355558     
   6.90965708333333        5.70832541666667      -0.102479593947390     
   6.90965708333333        6.00865833333333      -9.785562995637836E-002
   6.90965708333333        6.30899125000000      -9.334775860022645E-002
   6.90965708333333        6.60932416666667      -8.837751360917680E-002
   6.90965708333333        6.90965708333333      -8.381842245406484E-002
   6.90965708333333        7.20999000000000      -8.049595573636219E-002
   7.20999000000000       2.000000000000000E-003 -0.152163906498888     
   7.20999000000000       0.302332916666667      -0.151388450951401     
   7.20999000000000       0.602665833333333      -0.150492124376282     
   7.20999000000000       0.902998750000000      -0.152725387064229     
   7.20999000000000        1.20333166666667      -0.154793998498833     
   7.20999000000000        1.50366458333333      -0.155935471334720     
   7.20999000000000        1.80399750000000      -0.156121426665114     
   7.20999000000000        2.10433041666667      -0.155465012112605     
   7.20999000000000        2.40466333333333      -0.154088003741149     
   7.20999000000000        2.70499625000000      -0.152175282554325     
   7.20999000000000        3.00532916666667      -0.150282321105838     
   7.20999000000000        3.30566208333333      -0.148951752048777     
   7.20999000000000        3.60599500000000      -0.146704518697457     
   7.20999000000000        3.90632791666667      -0.140061589513671     
   7.20999000000000        4.20666083333333      -0.132428366910822     
   7.20999000000000        4.50699375000000      -0.122891486180652     
   7.20999000000000        4.80732666666667      -0.114017434228135     
   7.20999000000000        5.10765958333333      -0.106650709128421     
   7.20999000000000        5.40799250000000      -0.100806102402260     
   7.20999000000000        5.70832541666667      -9.624732257350857E-002
   7.20999000000000        6.00865833333333      -9.252791819596616E-002
   7.20999000000000        6.30899125000000      -8.903343172207349E-002
   7.20999000000000        6.60932416666667      -8.528217638090498E-002
   7.20999000000000        6.90965708333333      -8.211680313217962E-002
   7.20999000000000        7.20999000000000      -7.891942417263884E-002
